Serial No.  Latitude Longitude Altitude Speed Interval time Interval Dist
         1 53.101935   8.81649        0  12.7             0             0
         2 53.101863  8.816605        0 12.62           2.8         11.13
         3  53.10182  8.816688        0 12.88             2         7.348
         4 53.101795  8.816772        0 12.63             2         6.292
         5 53.101758  8.816895        0 11.94             3         9.230
         6 53.101733   8.81699        0 11.68             2         6.962
         7 53.101703   8.81709        0 11.46             2         7.501
         8 53.101678  8.817178        0 11.31             2         6.534
         9 53.101625  8.817347        0  12.1             3         12.79
        10 53.101585  8.817453        0 12.34             2         8.397
        11 53.101525  8.817618        0 13.74           2.9         12.94
        12 53.101492   8.81772        0 13.94           2.1         7.774
        13 53.101458   8.81783        0 14.17             2         8.301
        14 53.101405   8.81798       -1 14.26             3         11.67
        15 53.101375  8.818082       -1 13.99             2         7.622
        16 53.101343  8.818175        0 13.38             2         7.191
        17 53.101302  8.818332        0 13.04             3         11.49
        18 53.101273  8.818428        0 12.72             2         7.211
        19  53.10122  8.818593        0 13.41           2.9         12.55
        20 53.101188  8.818702       -1 13.72           2.1         8.142
        21 53.101142  8.818858       -1 14.16             3         11.66
        22 53.101115  8.818953       -2 13.57             2         7.054
        23 53.101088  8.819052       -2 13.17             2         7.298
        24 53.101052  8.819143       -1 12.87             2         7.309
        25 53.101023  8.819248       -1 12.65             2         7.756
        26 53.100995  8.819357       -1 12.86             2         7.957
        27 53.100957  8.819462        0 13.07             2         8.224
        28 53.100922   8.81957       -1 13.38             2         8.234
        29 53.100885  8.819678       -1 13.65             2         8.342
        30 53.100838   8.81983       -2 13.73           2.9         11.47
        31 53.100802  8.819932       -2 13.72             2         7.937
        32  53.10076   8.82003       -2 13.65           2.1         8.074
        33 53.100738  8.820127       -2 13.44             2         6.961
        34 53.100712  8.820225       -1 13.41             2         7.191
        35 53.100655  8.820393       -1 13.41             3         12.94
        36 53.100627  8.820513       -1 13.98             2         8.641
        37 53.100612  8.820688       -1  13.7           2.9         11.87
        38 53.100615  8.820787       -1  13.2           2.1         6.659
        39 53.100617  8.820952        0 12.66             3         11.08
        40 53.100597   8.82106        0 12.61             2         7.588
        41 53.100548  8.821225       -1 13.75             3         12.35
        42 53.100512   8.82133       -1 13.76           2.1         8.112
        43 53.100453  8.821482        0 14.01           2.9         12.14
        44 53.100408  8.821588       -2 14.45             2         8.705
        45 53.100368  8.821702       -2 14.65             2         8.857
        46  53.10034  8.821815       -2 14.73             2         8.205
        47 53.100327   8.82192       -3 14.49             2         7.200
        48  53.10033  8.822043       -3 14.26             2         8.268
        49 53.100358  8.822157       -3  13.9             2         8.267
        50  53.10042  8.822227       -3 14.19             2         8.351
        51  53.10049  8.822278       -3 14.51             2         8.512
        52 53.100563  8.822315       -3 14.53             2         8.498
        53  53.10063   8.82235       -2 14.25             2         7.821
        54 53.100725  8.822413       -2 13.66             3         11.39
        55  53.10074   8.82253       -1 13.86             2         8.034
        56  53.10072   8.82265       -1 13.91             2         8.362
        57 53.100682  8.822762       -1 14.47             2         8.630
        58 53.100647  8.822868       -1 14.18             2         8.116
        59 53.100608  8.823028        0 13.84             3         11.59
        60  53.10058   8.82313        0 13.75             2         7.527
        61 53.100523  8.823277        0 13.45             3         11.73
        62 53.100498  8.823383        0 13.37             2         7.645
        63 53.100467  8.823493        0 13.19             2         8.155
        64 53.100448   8.82361        0 13.28             2         8.138
        65 53.100427  8.823717        0 13.06             2         7.558
        66 53.100385  8.823805        0 13.25             2         7.537
        67 53.100358   8.82392        0 13.45             2         8.288
        68 53.100332   8.82403        0 13.47             2         7.935
        69  53.10028  8.824193        0 13.67             3         12.38
        70 53.100247  8.824353        0 13.36             3         11.36
        71  53.10021  8.824457        0 13.04             2         8.109
        72 53.100175   8.82456        0 12.76             2         7.940
        73 53.100148  8.824663        0 12.59             2         7.543
        74 53.100115  8.824817        1 12.12           2.9         10.97
        75 53.100092  8.824915        1 12.09           2.1         7.063
        76 53.100048  8.825083        1 12.67             3         12.30
        77 53.100012   8.82526        1 13.41           2.9         12.54
        78  53.09999  8.825372        1 13.57             2         7.912
        79  53.09997  8.825485        0 13.79             2         7.910
        80  53.09995   8.82559        0 13.56           2.1         7.396
        81 53.099912  8.825675        0 13.07             2         7.106
        82 53.099873  8.825772        0 13.24             2         7.830
        83 53.099835   8.82587        0  13.1             2         7.825
        84  53.09982  8.825968        1 12.56             2         6.792
        85 53.099782  8.826088        1 13.31             2         9.102
        86 53.099732  8.826217        2 13.87             2         10.30
        87 53.099738  8.826317        2 12.31             3         6.751
        88 53.099823  8.826353        2 12.26             2         9.766
        89  53.09992  8.826403        2 11.85             2         11.31
        90 53.099998  8.826435        2 11.59             2         8.945
        91 53.100077  8.826452        2 13.26             2         8.868
        92 53.100203   8.82648        2 13.64           2.9         14.15
        93 53.100278  8.826503        3 13.91           2.1         8.491
        94 53.100368  8.826537        4 13.41             3         10.27
        95 53.100442   8.82655        5 13.23             2         8.284
        96 53.100497  8.826578        6 12.01             2         6.406
        97 53.100573  8.826598        6 11.99             2         8.566
        98   53.1007  8.826597        6 12.23             3         14.13
        99 53.100773  8.826598        6 12.75           2.1         8.127
       100 53.100872   8.82661        7 12.46           2.9         11.05
       101 53.100942  8.826613        8 11.38             2         7.796
       102 53.101045  8.826597       10 10.51           2.9         11.51
       103 53.101117  8.826565       10 10.74           2.1         8.298
       104 53.101192   8.82653        9 11.74             2         8.674
       105 53.101317   8.82646        9 13.39             3         14.68
       106 53.101375  8.826418        9 13.23             2         7.047
       107 53.101442  8.826377        9 12.95             2         7.951
       108   53.1015  8.826332        8 12.82           2.1         7.130
       109 53.101595  8.826275        6 12.89           2.9         11.25
       110 53.101645   8.82624        4 12.69             2         6.044
       111 53.101712  8.826187        3 12.62             2         8.265
       112 53.101767  8.826137        2 11.83             2         6.984
       113  53.10185  8.826058        2 11.55             3         10.65
       114 53.101898  8.826023        2 11.34             2         5.839
       115  53.10193  8.826055        2  9.99             2         4.163
       116 53.101955  8.826145        2  9.61             2         6.656
       117 53.101988  8.826217        3  8.86             2         6.074
       118 53.102047   8.82624        3  8.86             2         6.748
       119 53.102103  8.826232        4  9.69           2.1         6.258
       120 53.102158  8.826208        4  9.71             2         6.333
       121 53.102233  8.826145        5  9.58           2.9         9.360
       122 53.102325  8.826077        5  8.97             4         11.21
       123 53.102383  8.826042        6  9.25             2         6.872
       124 53.102438  8.826005        6  9.38           2.2         6.609
       125  53.10252  8.825972        6  9.55           2.8         9.393
       126 53.102573  8.825953        6     9             2         6.038
       127  53.10264  8.825928        6  8.62             2         7.646
       128 53.102705    8.8259        6   9.4             2         7.477
       129 53.102807  8.825863        7  7.18             6         11.62
       130 53.102888   8.82583        7  6.55             2         9.285
       131  53.10294   8.82579        7  6.38             2         6.383
       132 53.102997  8.825708        6  7.67             2         8.402
       133 53.103057  8.825635        5   8.8             2         8.286
       134 53.103132  8.825567        5  9.66             2         9.516
       135 53.103198  8.825503        4 10.91             2         8.512
       136  53.10326   8.82545        5 11.05             2         7.766
       137 53.103337  8.825402        6 10.56             2         9.158
       138 53.103405  8.825327        6  9.96             2         9.092
       139 53.103457  8.825255        6  9.83             2         7.543
       140 53.103517  8.825197        7 10.21             2         7.733
       141 53.103585   8.82515        7 10.91             2         8.202
       142 53.103648  8.825112        8 11.29             2         7.464
       143 53.103713  8.825093        8 10.75             2         7.348
       144  53.10377  8.825068        9 10.28             2         6.565
       145 53.103832   8.82503        9 10.22             2         7.359
       146 53.103888  8.824995        9    10             2         6.664
       147  53.10395  8.824975       10 10.41             2         7.032
       148 53.104012  8.824937       10 10.49             2         7.359
       149 53.104062  8.824908       10  9.63             2         5.899
       150 53.104107  8.824873       10   9.3             2         5.535
       151 53.104157  8.824835       11  9.15             2         6.125
       152 53.104213  8.824823       11  8.79             2         6.287
       153 53.104257  8.824802       12   7.9             2         5.099
       154 53.104313  8.824732       12  7.78             2         7.808
       155  53.10437  8.824682       11  7.71             2         7.180
       156 53.104427  8.824677       11  7.42             2         6.355
       157 53.104483  8.824645       11  8.53             2         6.595
       158 53.104545  8.824597       11  9.03             2         7.618
       159 53.104615  8.824555       11  9.96             2         8.287
       160 53.104675   8.82451       11 10.75             2         7.332
       161 53.104757   8.82448       11 10.82             3         9.348
       162  53.10481  8.824437       11 10.56             2         6.570
       163 53.104867   8.82439       12 10.07             2         7.088
       164 53.104925  8.824347       12 10.28             2         7.074
       165 53.104975  8.824303       12 10.61             2         6.303
       166 53.105028  8.824278       13 10.71             2         6.136
       167 53.105078  8.824257       13 10.34             2         5.744
       168 53.105122  8.824225       14   9.9             2         5.351
       169 53.105173  8.824173       13  9.59             2         6.667
       170 53.105233  8.824135       13  9.63             2         7.151
       171 53.105273  8.824088       13  9.18             2         5.460
       172 53.105313  8.824042       13  9.15             2         5.421
       173 53.105365  8.824005       13  9.12             2         6.301
       174 53.105417  8.823965       13  8.83             2         6.383
       175 53.105515  8.823898       12  9.96             3         11.80
       176  53.10558  8.823868       11 10.41             2         7.512
       177  53.10564  8.823835       11 10.71             2         7.038
       178 53.105697  8.823802       11 10.97             2         6.722
       179 53.105755  8.823755       11 10.79             2         7.188
       180  53.10581  8.823713       12 10.59             2         6.742
       181 53.105858  8.823677       13 10.26             2         5.866
       182  53.10592  8.823635       13 10.52             2         7.457
       183 53.105972  8.823582       11  9.53             3         6.796
       184  53.10605  8.823547        9  9.72           2.9         8.995
       185 53.106107  8.823518        9  9.69           2.1         6.639
       186 53.106158  8.823512        9   9.9             2         5.693
       187  53.10623  8.823507        8  9.55           2.9         8.022
       188 53.106285  8.823517        8  8.91           2.1         6.161
       189  53.10634  8.823553        8  8.55             2         6.584
       190  53.10639    8.8236        8  8.42             2         6.400
       191 53.106457   8.82366        8  9.13             2         8.477
       192  53.10651  8.823712        7  9.74             2         6.857
       193 53.106568  8.823757        7 10.34             2         7.130
       194 53.106627    8.8238        7 11.05             2         7.176
       195 53.106675  8.823833        7  10.6             2         5.786
       196 53.106728  8.823875        7 10.43             2         6.541
       197 53.106777  8.823917        7 10.19             2         6.142
       198 53.106837  8.823972        7  9.95             2         7.633
       199 53.106907   8.82406        7 10.73             3         9.779
       200 53.106933  8.824152        6  11.3             2         6.824
       201 53.106933  8.824285        6 11.81             2         8.893
       202 53.106927  8.824405        5 12.54             2         8.086
       203 53.106912  8.824528        5 13.44           2.1         8.427
       204  53.10689  8.824702        4  13.8           2.9         11.94
       205 53.106875  8.824798        4 13.43             2         6.661
       206 53.106853  8.824897        4 13.26             2         7.086
       207 53.106832  8.825062        4 12.87           2.9         11.32
       208 53.106835  8.825183        3 13.39           2.1         8.133
       209  53.10683  8.825303        3 13.74             2         8.078
       210 53.106842  8.825432        2 13.77             2         8.765
       211 53.106832   8.82555        1 13.61             2         8.002
       212 53.106842  8.825658        1 12.84             2         7.338
       213 53.106833  8.825762        0 12.19             2         7.056
       214 53.106827  8.825873        0 12.05             2         7.485
       215 53.106808  8.825995        0 12.34             2         8.462
       216  53.10675  8.826163        0 13.28             3         13.00
       217 53.106728  8.826273        0 13.62             2         7.783
       218 53.106707  8.826375        0 13.69             2         7.238
       219 53.106685  8.826487        0 13.66             2         7.910
       220  53.10668  8.826598        0 13.17             2         7.476
       221 53.106687  8.826708        0  12.8             2         7.429
       222 53.106675  8.826827        0 13.28             2         8.103
       223  53.10666  8.826937        0 13.15             2         7.574
       224 53.106648  8.827058       -1 13.54             2         8.235
       225 53.106635  8.827167       -1 13.68             2         7.462
       226 53.106625  8.827277       -1 13.08             2         7.471
       227 53.106605  8.827382       -1 12.98             2         7.395
       228 53.106587  8.827488       -1 12.78             2         7.396
       229 53.106563  8.827597       -1 12.96             2         7.793
       230 53.106542  8.827707       -1 13.35             2         7.749
       231  53.10652  8.827812       -1 13.49             2         7.465
       232 53.106492   8.82793       -1 13.76             2         8.515
       233 53.106477  8.828042       -1 13.82             2         7.705
       234 53.106453   8.82815       -1 13.95             2         7.730
       235 53.106425  8.828255       -2 14.09             2         7.710
       236 53.106392  8.828373       -2  14.4             2         8.734
       237 53.106372   8.82849       -2 14.79             2         8.167
       238 53.106348  8.828607       -1 14.82             2         8.299
       239 53.106338  8.828727       -1 15.03             2         8.135
       240 53.106327   8.82885        0 15.21             2         8.350
       241 53.106302  8.828977        0 15.16             2         8.971
       242 53.106283  8.829092        0 15.24             2         8.008
       243 53.106272    8.8292        0 15.05             2         7.356
       244  53.10626  8.829307        0 14.34             2         7.309
       245 53.106248   8.82943        0 14.39             2         8.368
       246 53.106253  8.829547        0 13.82             2         7.877
       247 53.106258  8.829655        0 13.41             2         7.275
       248 53.106282  8.829758        0 12.67             2         7.416
       249 53.106285  8.829882        1 12.35             2         8.334
       250 53.106273  8.829997        2 12.44             2         7.838
       251 53.106278  8.830112        2 12.48             2         7.743
       252 53.106307  8.830227        2  12.9             2         8.371
       253 53.106317  8.830345        2 12.37             2         8.002
       254  53.10634  8.830455        2 12.37             2         7.819
       255 53.106373  8.830565        2  12.3             2         8.250
       256 53.106395  8.830678        2 12.58             2         7.974
       257 53.106402  8.830788        3 12.12             2         7.429
       258 53.106423   8.83089        3 11.54             2         7.239
       259 53.106453  8.831013        4 11.59             2         8.909
       260  53.10649  8.831142        4 11.24             2         9.592
       261 53.106533   8.83128        4 11.59             2         10.43
       262 53.106542  8.831392        4 11.84             2         7.588
       263 53.106535  8.831515        4 11.53             2         8.297
       264 53.106535  8.831642        4 11.92             2         8.493
       265 53.106547  8.831772        4 12.82             2         8.832
       266 53.106558  8.831897        4 12.72             2         8.483
       267 53.106573  8.832007        4 12.69             2         7.574
       268 53.106575  8.832123        4 12.71             2         7.794
       269 53.106578  8.832247        5  12.5             2         8.334
       270 53.106578  8.832378        5 12.98             2         8.760
       271 53.106605   8.83248        4  13.1             2         7.481
       272 53.106662    8.8325        3 12.52             2         6.487
       273 53.106733    8.8325        3 11.55             2         7.882
       274 53.106805  8.832488        3 11.44             2         8.056
       275 53.106883   8.83248        3 11.73             2         8.700
       276  53.10695   8.83248        3  11.7             2         7.439
       277 53.107023  8.832483        4 11.73             2         8.129
       278 53.107082   8.83246        3 11.13             2         6.748
       279 53.107142  8.832468        3 10.69             2         6.702
       280 53.107203  8.832482        3 10.71             2         6.856
       281 53.107308  8.832483        4 11.28           2.9         11.69
       282 53.107398  8.832498        4  12.1           2.1         10.07
       283 53.107493  8.832473        5 13.05             2         10.71
       284 53.107577  8.832473        5 13.32             2         9.325
       285 53.107668  8.832498        4 13.93             2         10.27
       286 53.107748  8.832522        4 13.69             2         9.050
       287 53.107823  8.832553        4 13.65             2         8.605
       288 53.107905  8.832585        4 13.68             2         9.377
       289  53.10799  8.832608        4 13.66             2         9.587
       290 53.108068   8.83262        4 13.87             2         8.720
       291 53.108155  8.832662        4 14.42             2         10.09
       292  53.10822  8.832707        4 14.32             2         7.842
       293 53.108307  8.832798        3 15.03           2.9         11.45
       294 53.108368  8.832847        2 13.91           2.1         7.546
       295 53.108437  8.832887        2 13.77             2         8.138
       296 53.108495  8.832928        3 13.46             2         7.020
       297 53.108562  8.832977        4 12.36             2         8.152
       298 53.108633  8.833007        4 12.06             2         8.157
       299 53.108708  8.833023        6 11.43             2         8.418
       300  53.10876  8.833057        7 11.26             2         6.224
       301 53.108812  8.833068        7 10.83             2         5.837
       302 53.108833  8.833005        6 10.15             2         4.836
       303 53.108825   8.83291        6  9.88             2         6.442
       304 53.108803  8.832793        6  9.85             2         8.230
       305 53.108802  8.832702        5 10.22             2         6.113
       306  53.10881  8.832613        5 10.44             2         6.044
       307 53.108812   8.83251        5 10.31             2         6.921
       308 53.108813  8.832412        5   9.6             2         6.583
       309 53.108815  8.832323        5  8.96             2         5.982
       310 53.108823  8.832227        4  9.06             2         6.509
       311 53.108828   8.83212        3  9.31             2         7.208
       312 53.108842  8.832018        3  9.55             2         7.025
       313 53.108845  8.831932        3  9.57             2         5.786
       314 53.108858  8.831857        4  9.34             2         5.242
       315  53.10888  8.831788        4  8.82             2         5.243
       316 53.108903   8.83172        5  8.13             2         5.237
       317 53.108943   8.83165        5  8.38             2         6.476
       318 53.108968  8.831548        5  8.58             2         7.394
       319 53.108993   8.83144        5  8.72             2         7.768
       320 53.109018  8.831342        5  9.51             2         7.146
       321 53.109043  8.831263        5  9.16             2         5.992
       322 53.109067   8.83118        5  9.05             2         6.182
       323 53.109102   8.83111        5  8.73             2         6.107
       324 53.109138  8.831023        5  8.45             2         7.085
       325 53.109168  8.830932        6  8.95             2         6.965
       326   53.1092  8.830833        6  8.99             2         7.543
       327 53.109233  8.830758        6  9.28             2         6.235
       328 53.109263  8.830678        6  9.37             2         6.327
       329 53.109292    8.8306        6  9.17             2         6.154
       330 53.109305  8.830515        6  8.79             2         5.890
       331 53.109328  8.830428        7  8.68             2         6.380
       332 53.109352   8.83035        6  8.45             2         5.881
       333 53.109375  8.830258        7  8.59             2         6.689
       334 53.109393  8.830155        7  8.97             2         7.202
       335 53.109425  8.830058        8  9.46             2         7.425
       336 53.109455   8.82995        8 10.44             2         7.985
       337 53.109483  8.829855        8 10.59             2         7.101
       338  53.10952  8.829773        9 10.97             2         6.877
       339 53.109557  8.829685        9 10.87             2         7.204
       340 53.109587   8.82958        9  10.5             2         7.802
       341  53.10961   8.82949        9 10.42             2         6.565
       342 53.109642   8.82941        9  9.94             2         6.447
       343  53.10966  8.829333        9 10.09             2         5.547
       344 53.109682  8.829243        9  9.94             2         6.522
       345  53.10971  8.829157       10 10.15             2         6.564
       346 53.109743   8.82907       10 10.27             2         6.902
       347 53.109763   8.82897       10 10.12             2         7.075
       348 53.109787  8.828878       10 10.38             2         6.732
       349 53.109818  8.828805       10 10.05             2         5.996
       350  53.10986  8.828717       10 10.37             2         7.536
       351 53.109903  8.828638       10 10.15             2         7.146
       352  53.10994  8.828563       10  9.81             2         6.507
       353 53.109973  8.828482       10 10.14             2         6.565
       354 53.110002  8.828407       10  9.97             2         5.984
       355 53.110028  8.828327       10 10.07             2         6.104
       356 53.110057  8.828257       10  9.84             2         5.704
       357 53.110098  8.828182       10  9.52             2         6.798
       358 53.110122   8.82812        9  8.96             2         4.949
       359 53.110137  8.828118        8   7.5             2         1.679
       360 53.110093  8.828182        6  7.01             2         6.517
       361 53.110055   8.82825        4  6.97             2         6.226
       362 53.110013  8.828328        3  7.52           2.1         7.022
       363 53.109958  8.828442        2  9.69           2.9         9.802
       364 53.109928  8.828525        2 10.28             2         6.499
       365 53.109892  8.828607        3 10.73             2         6.811
       366 53.109867  8.828682        3 10.73             2         5.756
       367 53.109848  8.828765        3 10.73             2         5.963
       368 53.109822  8.828843        4 10.47             2         5.986
       369 53.109798  8.828923        5 10.04             2         6.001
       370  53.10978  8.829015        5 10.14             2         6.496
       371 53.109742  8.829125        6  9.93             3         8.512
       372 53.109722  8.829203        6  9.81             2         5.693
       373 53.109693  8.829298        6  9.87             2         7.150
       374 53.109668  8.829385        7 10.13           2.1         6.472
       375 53.109633   8.82951        7 10.17           2.9         9.254
       376 53.109603  8.829593        7 10.15             2         6.499
       377  53.10958  8.829675        7 10.23             2         6.074
       378 53.109558  8.829757        7 10.31             2         6.028
       379 53.109535  8.829835        7 10.67             2         5.832
       380 53.109512  8.829918        7 10.36             2         6.135
       381  53.10948  8.830007        7 10.44             2         6.958
       382 53.109453  8.830098        7 10.59             2         6.811
       383  53.10942  8.830193        7 10.58             2         7.362
       384 53.109393  8.830275        6 10.58             2         6.275
       385  53.10937  8.830357        6 10.42             2         6.074
       386 53.109343  8.830438        6  10.3             2         6.216
       387  53.10932  8.830522        6 10.29             2         6.196
       388 53.109287  8.830608        6  10.6             2         6.845
       389 53.109258  8.830698        6 10.71             2         6.853
       390 53.109233  8.830782        5 10.38             2         6.291
       391 53.109215  8.830857        5  9.79             2         5.422
       392 53.109188   8.83094        5  9.91             2         6.334
       393 53.109155  8.831032        5 10.34             2         7.188
       394 53.109125  8.831118        4  10.8             2         6.672
       395 53.109095    8.8312        4 11.25             2         6.441
       396 53.109063   8.83127        4 11.33             2         5.899
       397 53.109033  8.831353        4 10.88             2         6.499
       398 53.109007  8.831442        4 10.77             2         6.642
       399 53.108977   8.83153        4 11.06             2         6.789
       400 53.108953  8.831613        5 10.71             2         6.182
       401 53.108927  8.831705        5  10.7             2         6.823
       402 53.108893  8.831787        5 10.72             2         6.683
       403 53.108863  8.831868        4  10.3             2         6.384
       404 53.108853  8.831962        4 10.02             2         6.411
       405 53.108843   8.83205        4  9.85             2         6.015
       406 53.108833  8.832148        4 10.05             2         6.675
       407 53.108818  8.832265        4 10.42             2         8.033
       408 53.108815  8.832358        4 10.87             2         6.255
       409 53.108812  8.832457        3 11.28             2         6.657
       410 53.108802  8.832552        3 11.24             2         6.477
       411 53.108783   8.83264        3 10.67             2         6.278
       412 53.108778  8.832727        3 10.44             2         5.870
       413  53.10878  8.832827        3 10.35             2         6.720
       414 53.108785  8.832915        3 10.12             2         5.937
       415 53.108778  8.833005        2  10.4             2         6.095
       416 53.108767   8.83309        2 10.54             2         5.839
       417 53.108722  8.833142        1 10.42             2         6.108
       418 53.108665  8.833133        0 10.15             2         6.375
       419  53.10861  8.833093        0  9.93             2         6.687
       420  53.10856  8.833063        0  9.74             2         5.921
       421 53.108498  8.833018        1    10             2         7.535
       422 53.108438  8.832978        1 10.26             2         7.200
       423 53.108392  8.832938        2 10.09             2         5.784
       424 53.108328  8.832883        2 10.63             2         8.025
       425 53.108263  8.832828        3 10.97             2         8.124
       426 53.108182  8.832775        2 12.04             2         9.693
       427 53.108117  8.832718        2 13.12             2         8.186
       428  53.10805   8.83267        2 13.77             2         8.125
       429  53.10798  8.832628        2 14.15             2         8.287
       430 53.107912  8.832622        2 13.61             2         7.581
       431  53.10785  8.832602        1 13.55             2         7.032
       432 53.107783  8.832565        1 13.43             2         7.862
       433 53.107717   8.83254        2  13.3             2         7.537
       434 53.107643  8.832535        2 13.62             2         8.245
       435 53.107568  8.832533        3 13.82             2         8.350
       436 53.107495  8.832538        3 13.74             2         8.134
       437 53.107437   8.83255        4 13.16             2         6.508
       438 53.107378   8.83255        4 12.57             2         6.551
       439 53.107305  8.832558        5 12.47             2         8.144
       440 53.107237  8.832558        6 12.16             2         7.550
       441 53.107157  8.832573        7 12.97             2         8.962
       442 53.107093  8.832582        8 13.41             2         7.151
       443  53.10704  8.832582        8 12.82             2         5.885
       444 53.106983  8.832578        8 12.61             2         6.352
       445 53.106918  8.832592        8 12.08             2         7.297
       446 53.106853  8.832602        9 11.85             2         7.268
       447 53.106802  8.832602       10 11.11             2         5.663
       448 53.106747  8.832622       11 10.81             2         6.270
       449 53.106663  8.832642       10 10.14             2         9.446
       450  53.10662  8.832513        9 10.36             2         9.897
       451 53.106598  8.832345        7 11.67             2         11.54
       452 53.106592  8.832213        5 12.38             2         8.889
       453  53.10657  8.832073        5 13.51             2         9.715
       454 53.106562  8.831953        6 13.65             2         8.108
       455  53.10655  8.831848        7 13.12             2         7.178
       456 53.106508  8.831713        7 13.15             2         10.20
       457 53.106478  8.831587        8 12.84             2         9.096
       458 53.106458  8.831462        8 12.99             2         8.685
       459 53.106443  8.831352        9 12.99           2.1         7.574
       460 53.106442  8.831213        9 12.34           2.9         9.335
       461 53.106438  8.831103        9 12.42             2         7.401
       462 53.106418  8.831003        9 11.62             2         7.076
       463 53.106393  8.830878       10 12.29             2         8.844
       464 53.106357  8.830765       10 13.03             2         8.582
       465 53.106338  8.830638       10 13.19             2         8.787
       466 53.106312  8.830527       10 13.68             2         7.997
       467 53.106302   8.83043       11 12.83             2         6.610
       468 53.106285   8.83031       11    12             2         8.278
       469 53.106275  8.830207       11 11.64             2         7.007
       470 53.106258  8.830098       11 11.52             2         7.561
       471 53.106245  8.829978       11 12.27             2         8.188
       472 53.106263  8.829868       11 12.19             2         7.655
       473 53.106257  8.829747       11 12.48             2         8.153
       474 53.106242  8.829625       11 12.64             2         8.362
       475 53.106235   8.82951       12 12.33             2         7.763
       476 53.106243  8.829398       12 12.58             2         7.575
       477 53.106253   8.82927       11 12.63             2         8.668
       478 53.106257  8.829147       10 12.38             2         8.272
       479 53.106263  8.829017       10 13.13             2         8.756
       480 53.106273   8.82889       10 13.51             2         8.601
       481 53.106298  8.828793       10 13.18             2         7.085
       482  53.10632  8.828682       10 13.48             2         7.847
       483  53.10634  8.828567       10 13.23             2         8.038
       484 53.106363  8.828465       10 13.05             2         7.313
       485 53.106357  8.828382       10 12.57             2         5.615
       486 53.106288   8.82835        9 12.71             2         7.976
       487 53.106208  8.828327        8 13.05             2         9.038
       488 53.106132   8.82831        7 13.53             2         8.537
       489 53.106032  8.828252        6 14.52             3         11.79
       490 53.105977  8.828207        6 14.02             2         6.829
       491 53.105912  8.828167        6 13.49             2         7.719
       492 53.105843   8.82812        6 13.74             2         8.305
       493 53.105785   8.82806        5 13.12             2         7.611
       494 53.105718  8.827998        5 13.28             2         8.542
       495 53.105653  8.827938        6 12.89             2         8.282
       496 53.105607   8.82788        6 11.98             2         6.435
       497  53.10555  8.827815        5 12.68             2         7.702
       498 53.105485  8.827738        5 12.85             2         8.893
       499  53.10543  8.827662        4 13.89             2         7.971
       500 53.105377  8.827602        3 13.97             2         7.145
       501  53.10531  8.827533        3 13.89             2         8.781
       502 53.105242  8.827467        3 14.27             2         8.772
       503 53.105192  8.827397        3 13.53             2         7.286
       504 53.105142   8.82733        3 13.64             2         7.158
       505   53.1051  8.827263        3 12.81             2         6.490
       506  53.10504  8.827195        3 12.08             2         8.091
       507  53.10499  8.827132        3 11.56             2         6.992
       508 53.104937  8.827068        4 11.47             2         7.300
       509 53.104885  8.827007        4 11.51             2         7.092
       510 53.104815  8.826955        5  11.6             2         8.539
       511 53.104753  8.826877        6 11.83             2         8.665
       512 53.104707  8.826825        7 11.51             2         6.200
       513 53.104653  8.826748        8 11.67             2         7.930
       514 53.104607  8.826668        8 11.52             2         7.423
       515 53.104553  8.826595        8 11.73             2         7.757
       516  53.10448  8.826518        8 12.91             2         9.632
       517 53.104397    8.8264        8 13.27             3         12.17
       518  53.10433  8.826327        8 13.82             2         8.925
       519  53.10427   8.82625        8 14.14             2         8.447
       520 53.104217  8.826183        8 13.01           2.1         7.421
       521 53.104147  8.826072        8 12.19           2.9         10.78
       522 53.104092  8.825995        9 11.26             2         8.015
       523 53.104048  8.825917        9 11.35             2         7.172
       524 53.104003  8.825832        9 11.28             2         7.595
       525 53.103952  8.825725        9 11.71             2         9.158
       526  53.10391  8.825612        9 11.76             2         8.913
       527 53.103887  8.825515       10 11.41             2         7.000
       528 53.103842  8.825437       10  11.3             2         7.249
       529 53.103805   8.82535       10 10.62             2         7.150
       530 53.103772  8.825252       10 10.73             2         7.538
       531 53.103718  8.825208       10  10.6             2         6.699
       532 53.103683  8.825183        9  9.82             2         4.245
       533 53.103637  8.825202        9  9.41             2         5.279
       534 53.103587  8.825257        8  9.04             2         6.681
       535  53.10353  8.825313        8  9.22             2         7.377
       536 53.103485  8.825355        9  9.44             2         5.751
       537 53.103445    8.8254        9  9.26             2         5.383
       538 53.103408   8.82545        9  9.01             2         5.316
       539 53.103365  8.825495        9  8.26             2         5.663
       540 53.103307  8.825572        8  8.72             2         8.272
       541 53.103245   8.82564        8  9.62             2         8.276
       542 53.103192  8.825702        8  9.83             2         7.222
       543 53.103147  8.825765        9 10.15             2         6.558
       544 53.103097  8.825813        9  9.49             2         6.433
       545 53.103027  8.825883        8  9.45             2         9.100
       546 53.102973  8.825933        8  9.43             2         6.887
       547 53.102925  8.825987        8  9.46             2         6.459
       548 53.102868  8.825993        8  7.65             4         6.359
       549 53.102805  8.826017        8  7.22             2         7.197
       550 53.102717  8.826048        9  7.16             2         10.01
       551 53.102645  8.826075        9  7.93             2         8.218
       552 53.102593  8.826085        9  8.88             2         5.829
       553 53.102532   8.82612        9  9.23             2         7.187
       554 53.102478   8.82614        9  9.26             2         6.161
       555 53.102428   8.82617        9  8.67             2         5.921
       556  53.10237  8.826205        9   8.9             2         6.872
       557  53.10231  8.826248       10  9.25             2         7.278
       558 53.102253   8.82628       10  9.43             2         6.700
       559 53.102195  8.826303       10   9.8             2         6.640
       560 53.102148   8.82632       11  9.45             2         5.357
       561 53.102075  8.826345       11   9.1             3         8.298
       562 53.102018  8.826353       11  9.42             2         6.369
       563 53.101973  8.826227       10  9.25             3         9.833
       564  53.10195  8.826127        8  9.43             2         7.189
       565 53.101905  8.826057        7  9.69             2         6.871
       566 53.101853  8.826068        7  9.47             2         5.837
       567 53.101797  8.826123        8   9.8             2         7.247
       568 53.101748  8.826188        8 10.16             2         6.987
       569 53.101693  8.826242        8 10.47             2         7.117
       570 53.101635  8.826288        7  10.6             2         7.159
       571 53.101585  8.826337        7 10.73             2         6.467
       572 53.101522  8.826385        7 11.32             2         7.719
       573 53.101475   8.82641        7 10.51             2         5.497
       574 53.101418  8.826438        7 10.43             2         6.619
       575  53.10137  8.826453        7 10.15             2         5.439
       576  53.10132  8.826488        7  9.83             2         6.044
       577  53.10126  8.826557        7 11.03             2         8.130
       578 53.101203  8.826592        8 10.92             2         6.768
       579 53.101117  8.826633        8  11.5             3         9.961
       580 53.101057  8.826643        8 11.78             2         6.714
       581 53.101003  8.826652        8 10.86             2         6.043
       582  53.10096  8.826678        8 10.65             2         5.097
       583   53.1009  8.826715        9 10.39             2         7.127
       584 53.100843   8.82673       10 10.16             2         6.426
       585 53.100782   8.82674       10 10.82             2         6.825
       586 53.100717  8.826757       10 11.48             2         7.326
       587 53.100647  8.826765       11 11.95             2         7.811
       588 53.100582  8.826755       11 12.22             2         7.268
       589 53.100522  8.826738       11 12.23             2         6.777
       590 53.100465  8.826743       11  11.7             2         6.355
       591  53.10041  8.826688       11 11.51             2         7.152
       592 53.100357   8.82669       11 11.25             2         5.903
       593 53.100303  8.826673       11 11.08             2         6.120
       594 53.100248   8.82665       11 10.63             2         6.316
       595 53.100187  8.826635       11  10.4             2         6.866
       596  53.10011  8.826583       11 10.08             3         9.256
       597 53.100058   8.82654       11   9.9             2         6.470
       598 53.099998  8.826507       11 10.37             2         7.038
       599 53.099942  8.826463       10  10.9             2         6.900
       600 53.099877  8.826437        8 11.34             2         7.444
       601 53.099818  8.826405        7 11.71             2         6.912
       602 53.099777   8.82637        6 11.52             2         5.136
       603 53.099722   8.82633        6 11.19             2         6.687
       604 53.099668  8.826285        6 11.34             2         6.729
       605 53.099618  8.826223        5 11.01             2         6.952
       606 53.099567  8.826187        5 10.89             2         6.172
       607  53.09952   8.82617        5  10.8             2         5.357
       608 53.099467  8.826133        5 10.54             2         6.403
       609  53.09942  8.826097        5 10.46             2         5.765
       610 53.099365  8.826032        5 10.72             2         7.520
       611  53.09932  8.825973        5 10.78             2         6.389
       612  53.09927  8.825925        4 10.62             2         6.434
       613  53.09922  8.825888        4 10.65             2         6.097
       614 53.099173  8.825855        4  9.73           2.2         5.684
       615  53.09911  8.825785        3  9.28           2.8         8.443
       616  53.09904  8.825718        3  9.34           3.3         8.998
       617 53.098965  8.825655        3  9.98           2.7         9.360
       618 53.098915  8.825615        4 10.35             2         6.182
       619  53.09886  8.825558        4 10.75             2         7.222
       620 53.098818  8.825497        4 11.07             2         6.218
       621 53.098775   8.82545        4 10.99             2         5.736
       622  53.09873  8.825407        4 10.67             2         5.784
       623 53.098687   8.82536        4 10.52             2         5.736
       624 53.098642  8.825303        4 10.21             2         6.306
       625 53.098578  8.825252        4 10.93             2         7.906
       626  53.09854    8.8252        4 10.89             2         5.488
       627 53.098488  8.825162        4 10.84             2         6.328
       628 53.098433   8.82512        4 11.18             2         6.742
       629  53.09838  8.825058        4 10.85             2         7.222
       630 53.098338  8.825015        4 10.97             2         5.497
       631 53.098292  8.824968        4  11.1             2         6.017
       632 53.098247  8.824895        4 11.06             2         7.011
       633  53.09821  8.824815        4 11.04             2         6.771
       634 53.098173  8.824722        4  11.7             2         7.483
       635 53.098137  8.824642        4 11.94           2.1         6.704
       636 53.098085  8.824522        3 12.02           2.9         9.923
       637 53.098055  8.824432        3  11.8             2         6.907
       638 53.098038  8.824335        3 11.61             2         6.786
       639 53.098025  8.824233        3 11.85             2         7.003
       640 53.097993  8.824127        2 12.05             2         7.962
       641 53.097947  8.823983        2 12.23             3         10.94
       642 53.097908   8.82389        1 12.72             2         7.608
       643 53.097865  8.823805        1 12.66             2         7.451
       644 53.097815  8.823732        1 12.91             2         7.418
       645 53.097757  8.823665        2 13.32             2         7.871
       646 53.097698  8.823602        2 13.55             2         7.814
       647 53.097605  8.823525        3 14.06           2.9         11.57
       648 53.097543  8.823475        3 14.17           2.1         7.676
       649 53.097443  8.823443        3 13.83             3         11.34
       650  53.09737  8.823408        3 13.96             2         8.460
       651 53.097303  8.823367        3 13.81             2         7.951
       652 53.097243  8.823327        3  13.4             2         7.200
       653 53.097173  8.823287        2 14.12             2         8.243
       654  53.09711  8.823258        2 14.03             2         7.279
       655  53.09704  8.823217        2 13.92             2         8.265
       656  53.09698  8.823177        2 13.93             2         7.200
       657 53.096913  8.823133        3 13.35             2         8.023
       658 53.096852  8.823082        2 13.31             2         7.606
       659 53.096788  8.823045        2 12.83             2         7.546
       660  53.09672  8.823005        2 13.06             2         8.033
       661 53.096652  8.822957        2 13.67             2         8.228
       662 53.096578  8.822902        2  14.2             2         9.028
       663 53.096517  8.822857        2 14.69             2         7.434
       664  53.09646   8.82279        2 14.87             2         7.780
       665 53.096403  8.822713        2 14.55             2         8.186
       666 53.096348  8.822637        3  13.9             2         7.972
       667 53.096298  8.822578        3  13.5             2         6.834
       668 53.096255  8.822513        3 12.71             2         6.480
       669 53.096207  8.822447        3 11.86             2         6.944
       670 53.096158  8.822367        3 11.75             2         7.658
       671 53.096098    8.8223        3 12.11             2         8.054
       672  53.09604  8.822242        3 12.02             2         7.542
       673 53.095968  8.822185        3 12.98             2         8.882
       674 53.095897  8.822135        3 13.07             2         8.588
       675 53.095845  8.822067        3 12.75             2         7.374
       676 53.095822  8.821935        4 13.86             2         9.229
       677 53.095822  8.821803        4 13.74             2         8.829
       678 53.095832   8.82166        5 14.34             2         9.669
       679 53.095838  8.821535        5 15.15             2         8.423
       680 53.095838  8.821425        5 14.77             2         7.358
       681 53.095845  8.821308        5 14.71             2         7.898
       682 53.095842  8.821185        5 14.42           2.1         8.269
       683 53.095877   8.82101        5 14.44           2.9         12.38
       684 53.095902   8.82088        5 14.94             2         9.165
       685 53.095935   8.82079        5 14.64             2         7.075
       686 53.095973  8.820703        5 14.47             2         7.215
       687 53.096007  8.820607        6 13.94             2         7.478
       688  53.09604  8.820498        6 13.58             2         8.192
       689 53.096072  8.820392        6 13.77             2         7.962
       690 53.096105  8.820288        6 13.81             2         7.893
       691 53.096138  8.820177        5 14.01             2         8.312
       692 53.096157   8.82007        5 13.83             2         7.493
       693 53.096183  8.819967        5 13.88             2         7.500
       694 53.096212   8.81986        4 14.04             2         7.879
       695 53.096253  8.819748        3 14.59             2         8.799
       696 53.096285  8.819632        3  14.9             2         8.568
       697 53.096322  8.819525        3 15.07             2         8.284
       698 53.096352  8.819428        3 14.86             2         7.322
       699 53.096385  8.819322        3 14.61             2         8.012
       700 53.096408  8.819203        3 14.55             2         8.393
       701 53.096442    8.8191        3 14.21             2         7.887
       702 53.096465     8.819        3 14.02             2         7.189
       703 53.096495  8.818902        3 13.77             2         7.382
       704 53.096528    8.8188        3 13.32             2         7.775
       705 53.096565  8.818697        2 13.68             2         8.052
       706  53.09659  8.818577        2 14.04             2         8.527
       707 53.096622   8.81847        2 14.19             2         8.022
       708 53.096648   8.81835        2 14.66             2         8.564
       709 53.096678  8.818242        2 14.65             2         7.987
       710 53.096718   8.81812        2 15.06             2         9.326
       711  53.09676  8.817995        3 15.64             2         9.610
       712 53.096797  8.817883        4 15.48             2         8.577
       713 53.096827  8.817792        4 15.12             2         6.966
       714 53.096857  8.817692        4 14.48             2         7.502
       715  53.09689  8.817588        5 13.69             2         7.893
       716 53.096922   8.81748        4 13.62             2         8.082
       717  53.09695  8.817358        4 14.26             2         8.767
       718 53.096982  8.817238        4 14.89             2         8.812
       719 53.097025  8.817138        4 15.23             2         8.248
       720 53.097062  8.817025        4 15.47             2         8.636
       721 53.097095  8.816913        4 15.07             2         8.372
       722 53.097125  8.816802        4 14.75             2         8.170
       723  53.09716  8.816693        4 14.75             2         8.294
       724 53.097198  8.816587        4 14.56             2         8.282
       725 53.097255  8.816485        3 14.99             2         9.338
       726 53.097302  8.816357        2 15.53             2         10.06
       727 53.097333  8.816247        1  15.7             2         8.155
       728 53.097365  8.816122        1 16.16             2         9.120
       729 53.097398  8.816012        1 16.02             2         8.252
       730 53.097433  8.815907        1 15.64             2         8.058
       731 53.097467  8.815787        1  15.8             2         8.905
       732 53.097495  8.815672        1 15.62             2         8.330
       733 53.097522   8.81555        1 15.66             2         8.728
       734 53.097555  8.815443        1 15.82             2         8.072
       735 53.097602  8.815277        2 15.29             3         12.31
       736 53.097617   8.81517        2 14.74             2         7.379
       737 53.097643  8.815072        2 14.17             2         7.192
       738 53.097668  8.814985        2 12.86             2         6.474
       739 53.097682    8.8149        2  11.9             2         5.920
       740 53.097698  8.814818        2 10.81             2         5.790
       741  53.09772  8.814748        2  9.94             2         5.303
       742 53.097743  8.814672        2  9.77             2         5.713
       743 53.097775  8.814588        3  9.81             2         6.674
       744 53.097802  8.814497        3  9.97             2         6.812
       745 53.097825  8.814398        3 10.29             2         7.126
       746 53.097845  8.814313        3 10.34             2         6.130
       747 53.097875  8.814237        3 10.35             2         6.102
       748 53.097908  8.814158        3 10.53             2         6.455
       749 53.097943  8.814078        3  10.7             2         6.639
       750 53.097973  8.814003        3 10.76             2         6.046
       751 53.097982  8.813913        3  10.8             2         6.129
       752 53.098015   8.81384        4 10.71             2         6.128
       753  53.09805  8.813763        4 10.51             2         6.477
       754 53.098085   8.81367        4 10.64             2         7.363
       755 53.098115  8.813587        4 10.78             2         6.500
       756  53.09814  8.813493        4 11.08             2         6.901
       757  53.09817  8.813402        4 11.47             2         6.966
       758  53.09819  8.813305        4 11.35             2         6.886
       759 53.098212  8.813232        4  10.8             2         5.483
       760 53.098227  8.813123        4 11.07             2         7.510
       761  53.09826  8.813025        4  10.9             2         7.539
       762 53.098288  8.812945        4 10.45             2         6.213
       763 53.098317  8.812855        4 10.94             2         6.854
       764 53.098363  8.812833        5  10.1           2.2         5.332
       765 53.098423  8.812867        5  9.89           2.1         7.060
       766 53.098508  8.812948        5 10.03           2.7         10.91
       767 53.098562  8.812988        5 10.06             2         6.586
       768 53.098618  8.813025        5 10.43             2         6.712
       769 53.098677  8.813045        5    10             2         6.705
       770  53.09873  8.813065        5  9.57             2         6.052
       771 53.098782  8.813097        5  9.47             2         6.176
       772 53.098865  8.813137        5  9.82             2         9.622
       773 53.098955  8.813213        5 10.89             3         11.24
       774 53.099002  8.813265        6 11.32             2         6.292
       775  53.09906  8.813297        6 11.26             2         6.806
       776 53.099107  8.813337        7    11             2         5.883
       777 53.099158  8.813378        7 10.68             2         6.311
       778 53.099208  8.813417        7  10.9             2         6.153
       779 53.099265  8.813445        6 10.66             2         6.619
       780  53.09932  8.813478        6 10.55             2         6.513
       781 53.099365    8.8135        6 10.62             2         5.225
       782 53.099407   8.81353        6 10.18             2         5.093
       783 53.099452  8.813565        5 10.27             2         5.535
       784 53.099495  8.813595        5  9.88             2         5.196
       785  53.09954  8.813612        6  9.56             2         5.140
       786 53.099612  8.813632        6  9.71             2         8.127
       787 53.099682  8.813677        6  9.75             3         8.358
       788  53.09974  8.813722        6 10.26             2         7.130
       789 53.099797  8.813763        7 11.01             2         6.918
       790 53.099845  8.813808        7 11.34             2         6.140
       791 53.099898   8.81384        7 11.57             2         6.281
       792 53.099958   8.81387        7 12.03             2         6.977
       793 53.100008  8.813912        7 12.13             2         6.241
       794 53.100042  8.813945        7 11.48             2         4.389
       795 53.100075  8.813968        6 10.51             2         3.988
       796  53.10012  8.813998        6  9.86             2         5.401
       797  53.10017  8.814038        6  9.34             2         6.182
       798 53.100212  8.814067        6  9.37             2         5.067
       799 53.100267  8.814102        6 10.17             2         6.560
       800 53.100325  8.814135        7 10.59             2         6.827
       801 53.100383   8.81416        7 10.67             2         6.672
       802 53.100442  8.814198        7 11.22             2         7.047
       803 53.100517  8.814245        8 11.47             2         8.926
       804 53.100583   8.81429        8 11.28             2         7.945
       805 53.100627  8.814345        7 11.46             2         6.136
       806 53.100658  8.814413        6 11.05             2         5.726
       807   53.1007  8.814428        6 10.64             2         4.785
       808  53.10081  8.814472        5 11.37             3         12.59
       809 53.100877  8.814492        5 11.89             2         7.579
       810 53.100937  8.814512        4 12.77             2         6.814
       811 53.100993  8.814522        4 12.62             2         6.271
       812 53.101042  8.814558        3 12.33             2         5.968
       813 53.101095  8.814587        3 11.89             2         6.215
       814 53.101148  8.814627        3 11.53             2         6.484
       815 53.101192  8.814658        3 10.93             2         5.324
       816 53.101237   8.81469        3 10.42             2         5.453
       817  53.10129  8.814707        3 10.15             2         6.011
       818  53.10134  8.814725        2  9.77             2         5.698
       819 53.101398  8.814748        2 10.51             2         6.640
       820 53.101443  8.814768        2 10.54             2         5.188
       821  53.10149  8.814795        3 10.46             2         5.539
       822 53.101573  8.814838        4 10.62             3         9.680
       823  53.10164  8.814865        5  10.9             2         7.676
       824 53.101683  8.814883        6 10.39             2         4.939
       825 53.101732  8.814888        7 10.25             2         5.467
       826 53.101767  8.814908        8  9.54             2         4.124
       827 53.101813  8.814933        9  8.78             2         5.391
       828 53.101878  8.814963       10  9.58             2         7.512
       829 53.101953  8.815012       10 10.31             2         8.974
       830 53.102025  8.815065        9 10.85             2         8.770
       831 53.102058   8.81513        8 10.87             2         5.707
       832 53.102047  8.815282        7 10.93             2         10.28
       833 53.102033  8.815385        6 10.67             2         7.092
       834 53.102003  8.815488        4 10.94             2         7.682
       835 53.101975   8.81558        4 10.92             2         6.922
       836  53.10195  8.815673        3 10.83             2         6.839
       837  53.10192  8.815787        3 11.55             2         8.353
       838  53.10191  8.815872        2 11.14             2         5.818
       839 53.101895  8.815952        1 11.35             2         5.628
       840 53.101887   8.81603        0 10.82             2         5.316
       841 53.101875   8.81608        0  9.01             2         3.617
       842 53.101873  8.816097        0   8.1           1.9         1.168
