Serial No.  Latitude Longitude Altitude Speed Interval time Interval Dist
         1 53.099787  8.826275        5  0.67             0             0
         2 53.099805  8.826297        5  2.11             2         2.493
         3 53.099838  8.826322        4  4.15           2.1         4.042
         4 53.099877  8.826345        4  6.35           2.2         4.610
         5 53.099947   8.82638        4  8.31           2.6         8.140
         6 53.099997  8.826415        4  8.98           2.1         6.044
         7 53.100048  8.826443        4  9.18             2         5.982
         8   53.1001  8.826472        4  9.71             2         6.109
         9  53.10016  8.826503        3  9.34             2         6.997
        10 53.100207  8.826528        3  8.89             2         5.497
        11 53.100257  8.826557        3  9.07             2         5.899
        12 53.100303   8.82655        3  8.38             2         5.144
        13 53.100355  8.826558        4  8.95             2         5.815
        14 53.100468  8.826598        6 10.86           2.9         12.86
        15  53.10054  8.826607        7 11.12             2         8.038
        16 53.100597  8.826597        7 11.26             2         6.382
        17 53.100655  8.826603        9 10.92             2         6.470
        18  53.10072  8.826598       10 10.16           2.1         7.244
        19 53.100775  8.826608       10 10.46             2         6.161
        20 53.100847  8.826603       11 11.45             2         8.022
        21 53.100922  8.826602       11 11.98             2         8.349
        22 53.100982  8.826587       11 12.25             2         6.756
        23 53.101092  8.826533       13 12.21           2.9         12.77
        24 53.101152    8.8265       14  12.3             2         7.038
        25 53.101202  8.826502       15 11.83             2         5.569
        26 53.101243  8.826477       14  10.8             2         4.865
        27 53.101282  8.826462       14   9.8             2         4.459
        28 53.101332  8.826423       14  9.23           2.1         6.153
        29 53.101385   8.82638       13  8.98             2         6.570
        30 53.101422  8.826355       13  8.84             2         4.450
        31 53.101468  8.826312       12  9.33             2         5.881
        32 53.101537  8.826275       12  9.83             2         8.073
        33 53.101635  8.826222       12 11.57             3         11.47
        34 53.101702   8.82619       12 12.95             2         7.762
        35  53.10175  8.826167       12 12.72             2         5.564
        36 53.101793  8.826117       12 12.38             2         5.849
        37 53.101825  8.826083       12 11.36             2         4.234
        38 53.101885  8.826023       12  9.86           2.9         7.801
        39 53.101937  8.826037       12  9.42           2.1         5.866
        40 53.101982   8.82612       11  9.19             2         7.495
        41 53.101973  8.826283       10  9.79             3         10.99
        42  53.10193  8.826362        8 10.03             2         7.147
        43 53.101885  8.826403        7 10.03             2         5.718
        44 53.101823  8.826473        7  8.91           2.9         8.351
        45 53.101777  8.826522        8  8.48           2.1         6.089
        46   53.1017  8.826612        9  8.99           2.9         10.49
        47 53.101635  8.826707        9  9.59           2.1         9.647
        48 53.101602  8.826785        8  10.2             2         6.400
        49 53.101562  8.826858        8 10.58             2         6.624
        50 53.101523  8.826923        8 10.66             2         6.158
        51 53.101492  8.826997        8 10.15             2         6.052
        52 53.101473  8.827082        8 10.53             2         6.090
        53  53.10144  8.827165        8 10.61             2         6.677
        54  53.10141  8.827245        8 10.29             2         6.328
        55 53.101345  8.827362        9 10.55           2.9         10.68
        56 53.101307  8.827447        8 10.33           2.1         7.106
        57 53.101267   8.82752        8  9.96             2         6.624
        58  53.10122  8.827575        8 10.21             2         6.406
        59 53.101177  8.827635        8  9.69             2         6.259
        60  53.10112  8.827678        8  9.57             2         6.973
        61 53.101075  8.827707        9  9.04             2         5.377
        62 53.100997  8.827732        9  7.75             3         8.844
        63 53.100933   8.82776       10  7.26             2         7.369
        64  53.10083  8.827848        9  7.84           2.9         12.90
        65 53.100788  8.827913        9  8.52             2         6.398
        66  53.10074  8.827977        8  9.37           2.1         6.859
        67 53.100653  8.827992        8  9.16             3         9.736
        68 53.100582  8.827982        8  8.98             2         7.933
        69 53.100523  8.827973        9  8.63             2         6.597
        70 53.100458  8.827943        9  8.65             3         7.512
        71 53.100393  8.827943        9  9.39             2         7.217
        72 53.100335  8.827932        9  9.61             2         6.500
        73  53.10028  8.827912        8  9.36             2         6.270
        74 53.100177  8.827922        8   9.7           2.9         11.48
        75 53.100115  8.827932        7  9.41           2.1         6.935
        76 53.100047  8.827913        7  9.98             2         7.677
        77 53.099985  8.827908        8 10.68             2         6.911
        78  53.09994  8.827887        8 10.72             2         5.206
        79 53.099868  8.827825        7 11.11           2.9         9.032
        80 53.099797   8.82779        7 11.26           2.1         8.246
        81  53.09975  8.827762        7 11.16             2         5.562
        82 53.099672  8.827765        7 10.64             3         8.685
        83 53.099632  8.827767        7  9.41             2         4.457
        84 53.099605   8.82782        7  8.99             2         4.661
        85 53.099577  8.827892        7  8.97             2         5.755
        86 53.099553  8.827968        7  9.46             2         5.763
        87 53.099528  8.828057        7  9.84             2         6.595
        88 53.099562  8.828143        7 10.65             2         6.907
        89 53.099615  8.828205        7 11.09             2         7.222
        90 53.099707   8.82828        7 11.77           2.9         11.41
        91 53.099788  8.828318        7 12.86             2         9.371
        92 53.099845  8.828338        8 12.26             2         6.487
        93 53.099893  8.828375        9 11.82           2.1         5.895
        94 53.099942  8.828405        9 11.11             2         5.817
        95 53.100015  8.828443       10 10.45             2         8.518
        96  53.10007  8.828463       10 10.74             2         6.270
        97 53.100155  8.828487       10 10.76           2.9         9.598
        98 53.100212   8.82852       10  10.7             2         6.722
        99  53.10026  8.828578       11 10.07             2         6.614
       100 53.100307  8.828632       10 10.08           2.1         6.368
       101 53.100353  8.828658       10  9.87             2         5.412
       102 53.100387  8.828703        9   9.5             2         4.846
       103 53.100443   8.82876        9  9.85             2         7.316
       104 53.100467  8.828813        9  9.91             2         4.453
       105 53.100502  8.828845        9  8.84             2         4.452
       106  53.10052   8.82891        9  8.37             2         4.806
       107 53.100568   8.82896        8  7.33             2         6.312
       108  53.10062  8.829023        7  7.06             2         7.171
       109 53.100668  8.829105        7  8.17             2         7.674
       110 53.100732  8.829183        6  9.51             2         8.843
       111  53.10085  8.829328        5 11.21           3.9         16.35
       112   53.1009  8.829407        5 12.23             2         7.690
       113 53.100937  8.829465        5 12.02             2         5.671
       114 53.100973  8.829562        5 11.62           2.1         7.649
       115 53.100982  8.829662        5 11.12             2         6.792
       116 53.100995  8.829745        4 10.72             2         5.761
       117 53.101028  8.829835        3 10.44             2         7.074
       118 53.101065  8.829923        3 10.18             2         7.205
       119 53.101097  8.830023        4  10.5             2         7.603
       120  53.10112  8.830122        4 11.28             2         7.126
       121 53.101133  8.830213        4 11.05             2         6.282
       122 53.101133  8.830312        5 10.91             2         6.622
       123 53.101132  8.830413        5 11.27             2         6.785
       124  53.10113  8.830513        5  11.1             2         6.721
       125 53.101118   8.83061        4 11.16             2         6.652
       126 53.101103  8.830722        4  11.5             2         7.706
       127 53.101092   8.83083        4 11.38             2         7.357
       128 53.101083  8.830937        4 11.33             2         7.257
       129 53.101078   8.83102        4 11.25             2         5.604
       130  53.10106  8.831113        4    11             2         6.561
       131 53.101028   8.83121        3 11.15             2         7.426
       132 53.101015  8.831307        3 10.64             2         6.675
       133 53.100997  8.831435        3  9.91             3         8.827
       134 53.100985  8.831515        3  9.68             2         5.538
       135  53.10096  8.831645        3  9.31           2.9         9.164
       136 53.100945  8.831717        4   9.3           2.1         5.118
       137 53.100918  8.831807        4  9.67             2         6.752
       138 53.100895    8.8319        5 10.07             2         6.752
       139 53.100848   8.83203        6 10.62             3         10.18
       140 53.100808  8.832128        6 11.06             2         7.947
       141 53.100777   8.83222        5 10.92             2         7.078
       142  53.10074   8.83231        4 11.16             2         7.315
       143  53.10072  8.832398        4 11.29             2         6.317
       144 53.100722  8.832493        4 10.89             2         6.386
       145 53.100695  8.832598        5 10.83             2         7.667
       146 53.100668  8.832698        4 10.56             2         7.359
       147 53.100652   8.83281        4 10.92             2         7.731
       148 53.100628  8.832953        4 10.83           2.9         9.968
       149 53.100643  8.833042        4 10.51             2         6.208
       150  53.10068  8.833135        5 10.38             2         7.483
       151 53.100677   8.83324        6 10.38             2         7.061
       152  53.10069  8.833345        6 10.61           2.1         7.200
       153 53.100712  8.833435        6 10.73             2         6.523
       154 53.100797  8.833537        6 10.81             2         11.68
       155 53.100822  8.833655        6 11.12             2         8.400
       156 53.100858   8.83376        7 11.83             2         8.112
       157 53.100885  8.833857        7 12.43             2         7.176
       158 53.100892  8.833958        6 12.52             2         6.829
       159 53.100897  8.834117        5 12.44           2.9         10.69
       160 53.100888  8.834217        3 12.28             2         6.792
       161 53.100873  8.834308        2 11.71             2         6.337
       162 53.100877  8.834377        2 10.45           2.1         4.658
       163 53.100902  8.834478        2  9.77             2         7.333
       164  53.10089  8.834578        2  8.94             2         6.849
       165 53.100857    8.8347        4   8.7           2.9         8.980
       166 53.100813  8.834783        6   9.1           2.1         7.421
       167 53.100762  8.834878        6  9.49             2         8.541
       168  53.10071  8.834982        7 10.36             2         9.072
       169 53.100655  8.835072        7 11.18             2         8.604
       170 53.100612  8.835137        7  11.2             2         6.480
       171 53.100573   8.83519        7 10.36             2         5.616
       172 53.100542  8.835238        8  8.47             2         4.725
       173 53.100502  8.835325        9  6.55           2.9         7.347
       174 53.100443  8.835433        9  6.75             2         9.785
       175 53.100387  8.835513        9  8.13             2         8.230
       176  53.10035  8.835613       10   9.8           2.1         7.879
       177  53.10032  8.835698       10 10.88             2         6.615
       178 53.100273  8.835778       11 10.95             2         7.500
       179 53.100225  8.835875       11 10.55             2         8.426
       180 53.100155  8.835945       12  9.88             2         9.101
       181 53.100103  8.835973       12  9.47             2         6.088
       182 53.100062  8.835968       12  8.29             2         4.579
       183 53.100008  8.835913       11  8.17             2         7.057
       184 53.099955  8.835842       11  7.94             2         7.587
       185 53.099905   8.83577       10  8.64             2         7.374
       186 53.099808   8.83564       10 10.37           2.9         13.88
       187  53.09977  8.835543        9 10.71             2         7.768
       188  53.09974  8.835443        7 11.31             2         7.502
       189 53.099728  8.835345        6 10.96             2         6.717
       190 53.099707  8.835252        6 11.15             2         6.671
       191 53.099693  8.835167        6 10.58           2.1         5.920
       192 53.099692  8.835062        6 10.31             2         7.054
       193 53.099667   8.83489        5 10.75             3         11.88
       194 53.099662  8.834775        4 10.82             2         7.745
       195 53.099647  8.834685        3 11.04             2         6.273
       196 53.099645  8.834585        3 11.09             2         6.721
       197 53.099628  8.834485        3 10.42             2         6.979
       198 53.099633   8.83434        3 10.84             3         9.754
       199 53.099613  8.834257        2 10.68             2         6.004
       200  53.09961  8.834168        2 10.48             2         5.989
       201  53.09958  8.834067        1 10.12           2.9         7.562
       202 53.099543  8.834003        1  9.36           2.1         5.955
       203 53.099488  8.833945        1  9.12             2         7.258
       204 53.099448  8.833877        1  9.08             2         6.380
       205 53.099408  8.833815        0  9.09           2.1         6.098
       206 53.099337   8.83373        1    10           2.9         9.749
       207 53.099257  8.833668        1 11.62             2         9.830
       208 53.099215  8.833605        1 11.93             2         6.307
       209 53.099097  8.833533        2 12.62           2.9         13.99
       210 53.099033  8.833493        3 12.62             2         7.615
       211    53.099  8.833447        3 11.53             2         4.802
       212 53.098957  8.833398        3 11.64           2.1         5.811
       213 53.098863  8.833372        5  9.46           3.9         10.61
       214 53.098802  8.833367        5   9.6           2.1         6.800
       215 53.098748   8.83335        5  9.89             2         6.120
       216 53.098688  8.833333        5 10.06             2         6.777
       217  53.09863    8.8333        6  10.6             2         6.827
       218 53.098582  8.833242        6 10.48             2         6.614
       219 53.098518  8.833175        6 10.87             2         8.427
       220 53.098465  8.833083        6 11.35             2         8.544
       221 53.098423  8.832982        6 11.89             2         8.239
       222 53.098395   8.83287        6 12.78             2         8.143
       223  53.09837  8.832708        5 12.38             3         11.23
       224 53.098338  8.832608        5 11.94             2         7.604
       225 53.098238  8.832443        4  13.9           2.9         15.70
       226 53.098223  8.832343        4 14.31           2.1         6.922
       227 53.098217  8.832247        2 14.53             2         6.484
       228 53.098208  8.832133        1 14.21             2         7.723
       229 53.098197  8.832022        0 11.92             2         7.556
       230   53.0982  8.831877        0 11.31           2.9         9.744
       231 53.098198   8.83177        0 10.57           2.1         7.191
       232 53.098215  8.831683        1  9.69             2         6.144
       233 53.098202  8.831572        1  9.72             2         7.595
       234 53.098223  8.831447        1 10.36             2         8.715
       235  53.09823  8.831367        2 10.49             2         5.431
       236 53.098242  8.831205        4 11.32             3         10.96
       237 53.098195  8.831105        5  11.1             2         8.514
       238 53.098145  8.831052        5 10.81             2         6.608
       239 53.098083  8.830997        4 10.69             2         7.829
       240  53.09802  8.830952        4 10.75             2         7.637
       241 53.097973  8.830887        4 10.71             2         6.815
       242 53.097915  8.830813        4 11.59             2         8.148
       243 53.097877  8.830682        3 12.12           2.9         9.762
       244 53.097878  8.830593        3 11.65             2         5.981
       245 53.097883  8.830488        3  11.5             2         7.075
       246 53.097918  8.830393        3 11.23             2         7.477
       247 53.097968   8.83031        3 11.66           2.1         7.878
       248 53.098047  8.830215        4 12.73           2.9         10.86
       249 53.098083  8.830155        4 12.46           2.1         5.685
       250 53.098112  8.830058        4 12.29             2         7.272
       251 53.098133  8.829965        5 11.92             2         6.671
       252 53.098163  8.829808        5 12.54           2.9         11.06
       253  53.09819  8.829712        5 12.89           2.1         7.115
       254 53.098197  8.829613        4 13.15             2         6.696
       255 53.098225  8.829457        4 13.85           2.9         10.93
       256 53.098227  8.829365        4 13.51             2         6.185
       257 53.098215   8.82924        3 13.48           2.1         8.502
       258 53.098202  8.829142        2 13.14             2         6.741
       259  53.09818  8.829047        1 12.29             2         6.836
       260 53.098118  8.828937        1 12.66             2         10.11
       261  53.09806  8.828813        0 12.91             2         10.54
       262 53.098065  8.828732        0 12.42             2         5.471
       263 53.098068   8.82865        0 12.14             2         5.520
       264 53.098027   8.82856        0 11.69             2         7.575
       265  53.09799   8.82848        0 10.83             2         6.772
       266 53.097975  8.828408        1 10.81             2         5.118
       267 53.097952  8.828337        1 10.75             2         5.415
       268 53.097928  8.828257        2 10.77             2         6.003
       269 53.097903   8.82819        2 10.42             2         5.293
       270 53.097878   8.82808        2 10.29             3         7.896
       271 53.097845  8.827975        2 10.81             2         7.952
       272 53.097793  8.827895        2 11.48             2         7.899
       273 53.097713   8.82777        2  12.8           2.9         12.24
       274 53.097683  8.827697        2 12.51           2.1         5.934
       275 53.097652  8.827632        1  11.1             2         5.567
       276  53.09758   8.82753        1 10.21             3         10.54
       277 53.097515   8.82744        1 10.07             3         9.428
       278 53.097465  8.827395        1 10.71             2         6.335
       279 53.097392  8.827312        1 10.11           2.9         9.854
       280  53.09734   8.82725        0  9.32             2         7.132
       281 53.097293  8.827185        0  9.16           2.1         6.815
       282 53.097252  8.827117        0  8.37             2         6.458
       283 53.097197   8.82706        0  8.22             2         7.222
       284 53.097147  8.827008        0  7.85             2         6.572
       285  53.09709  8.826975        0  7.34             2         6.722
       286 53.097045  8.826935        0  7.77             2         5.686
       287 53.096973  8.826898        0  8.75           2.1         8.392
       288 53.096878  8.826812        0 10.17           2.9         12.05
       289 53.096822  8.826757        0 10.96             2         7.247
       290 53.096765  8.826695        0 10.82           2.9         7.590
       291 53.096703  8.826663        0 10.79             2         7.230
       292 53.096632  8.826612        0 10.34           2.1         8.614
       293 53.096568  8.826583        1  10.6             2         7.387
       294 53.096513  8.826545        2 10.87             2         6.635
       295 53.096455  8.826488        3 11.44             2         7.507
       296 53.096365  8.826417        4 12.23           2.9         11.09
       297 53.096318  8.826377        3 11.79             2         5.883
       298 53.096268  8.826377        2 10.95             2         5.553
       299 53.096237   8.82638        2  9.72           2.1         3.460
       300 53.096217  8.826387        2  7.22             2         2.279
       301 53.096192  8.826393        3  4.89             4         2.815
       302 53.096167  8.826378        2  4.53             2         2.963
       303 53.096158  8.826348        2  4.07             2         2.254
       304 53.096172  8.826343        0     0            21         1.598
       305 53.096183  8.826322        0  0.44             3         1.872
       306  53.09621  8.826297        0   0.9             2         3.446
       307 53.096208   8.82628        0  0.45            28         1.168
       308 53.096235  8.826272        0   0.7             9         3.057
       309 53.096257   8.82626        0  0.91             3         2.582
       310  53.09621  8.826268        1  1.95           2.9         5.262
       311 53.096148  8.826263        2   4.5             2         6.911
       312 53.096085  8.826268        2  7.66             2         7.022
       313 53.096018   8.82626        2  10.6             2         7.478
       314 53.095953  8.826248        2 11.99             2         7.281
       315 53.095888  8.826258        2 11.36           2.1         7.268
       316 53.095797  8.826275        2  11.6             2         10.19
       317 53.095725  8.826297        2 11.53             2         8.150
       318 53.095677  8.826362        2 11.58             2         6.901
       319 53.095653  8.826465        2 12.24             2         7.417
       320 53.095653  8.826555        2 11.87             2         6.021
       321 53.095638  8.826655        2 11.79             2         6.923
       322 53.095618  8.826758        2 11.77             2         7.269
       323 53.095608  8.826853        2 11.53             2         6.479
       324 53.095577  8.826992        3 11.65             3         9.953
       325 53.095535  8.827107        3  11.6             2         9.029
       326 53.095475  8.827207        3 11.92             2         9.472
       327 53.095425  8.827298        2 12.45             2         8.267
       328  53.09537   8.82737        2 12.67             2         7.803
       329  53.09531  8.827423        2 12.85             2         7.569
       330 53.095245  8.827472        2 12.77             2         7.950
       331 53.095185  8.827508        2 12.62             2         7.104
       332 53.095123  8.827547        2 12.77             2         7.383
       333 53.095065  8.827577        3 12.58             2         6.765
       334  53.09501  8.827603        2 12.31             2         6.368
       335 53.094943  8.827623        2 12.42             2         7.579
       336 53.094833  8.827633        2 12.79             3         12.26
       337  53.09475   8.82766        2 12.79             3         9.415
       338 53.094687  8.827698        2 12.54             2         7.464
       339  53.09461  8.827722        3 11.02             3         8.722
       340 53.094548  8.827745        3 10.85             2         7.074
       341 53.094497  8.827775        4 10.76             2         6.026
       342 53.094428  8.827815        3 11.15             2         8.138
       343 53.094362   8.82785        3 11.74             2         7.715
       344 53.094308  8.827878        3 11.37             2         6.300
       345 53.094278  8.827905        3 10.72             2         3.803
       346 53.094245  8.827952        4 10.05             2         4.846
       347 53.094202  8.828063        5  9.84           2.9         8.860
       348 53.094143   8.82819        6   9.9             2         10.77
       349 53.094117  8.828297        7 10.34           2.1         7.749
       350 53.094103  8.828402        8 10.96             2         7.224
       351 53.094088  8.828507        9 11.62             2         7.249
       352 53.094082  8.828602        9 11.72             2         6.418
       353 53.094032  8.828725        8 12.16             2         9.962
       354 53.093973  8.828848        6 12.91             2         10.55
       355 53.093928  8.828948        4 12.67             2         8.380
       356  53.09387  8.829055        4 12.05             3         9.661
       357 53.093817   8.82908        4 11.36             2         6.136
       358 53.093757   8.82907        6  10.6             2         6.714
       359 53.093672  8.829078        6 10.77             2         9.477
       360 53.093578   8.82907        5  11.2           2.9         10.48
       361 53.093517  8.829048        4 11.77           2.1         6.950
       362  53.09345  8.829027        3 12.23             2         7.591
       363  53.09337   8.82901        3 13.09             2         8.978
       364 53.093305  8.829053        3 13.45           2.9         7.792
       365 53.093247   8.82904        3 12.79           2.1         6.517
       366 53.093187  8.829005        3 10.34           2.9         7.082
       367  53.09312  8.828985        3 10.14             2         7.579
       368 53.093063  8.828963        3  9.32             2         6.516
       369 53.093027  8.828977        4  8.74           2.1         4.119
       370 53.092968  8.829005        6  9.39             2         6.833
       371 53.092873  8.829053        6  9.73             2         11.05
       372 53.092772  8.829138        4 10.95           2.9         12.61
       373 53.092713  8.829185        4 11.83           2.1         7.288
       374 53.092672  8.829232        4 11.52             2         5.552
       375 53.092638  8.829287        4 10.79             2         5.291
       376 53.092572  8.829357        4 11.16             2         8.723
       377  53.09252  8.829435        4 11.27             2         7.808
       378  53.09246  8.829505        4 12.04             2         8.169
       379 53.092412  8.829552        4 12.75             2         6.208
       380 53.092365   8.82961        3 12.36             2         6.525
       381  53.09227  8.829665        4 11.99           2.9         11.20
       382 53.092208  8.829682        4 11.49           2.1         6.997
       383 53.092153   8.82971        5 11.49             2         6.406
       384   53.0921  8.829768        5 11.74             2         7.071
       385 53.091998   8.82973        5 12.69             3         11.64
       386 53.091942  8.829667        4 13.07             2         7.535
       387 53.091885  8.829605        4 13.29             2         7.591
       388 53.091833  8.829535        3 12.86             2         7.459
       389 53.091783  8.829472        3  12.2             2         6.993
       390 53.091723  8.829408        3  12.6             2         7.944
       391 53.091635  8.829345        3 13.39           2.9         10.67
       392  53.09158  8.829292        4 13.58           2.1         7.083
       393 53.091522  8.829215        4  14.5             2         8.273
       394 53.091433  8.829117        5  14.7             3         11.89
       395 53.091395  8.829052        5 15.04             2         6.081
       396 53.091368   8.82899        6 14.22             2         5.138
       397 53.091285  8.828937        7 13.15             3         9.901
       398  53.09125  8.828882        8 11.24             2         5.371
       399 53.091205   8.82884        8  10.1             2         5.751
       400 53.091138  8.828787        9  9.95             2         8.265
       401 53.091055  8.828715        9 10.42             3         10.43
       402 53.090992  8.828667        9 11.72             2         7.719
       403 53.090962  8.828618        9 10.77             2         4.692
       404 53.090933  8.828583       10  8.92             2         3.996
       405 53.090877  8.828563       10  7.87             2         6.378
       406 53.090822  8.828533       10  6.87             2         6.447
       407 53.090722  8.828515       10  7.56           2.9         11.20
       408 53.090675  8.828487       10  7.43           2.1         5.562
       409 53.090542  8.828447        9  9.21           2.9         15.04
       410 53.090405  8.828438        9 10.79           3.1         15.26
       411  53.09033  8.828443        9 11.56             2         8.356
       412 53.090242  8.828428        9 11.72             2         9.847
       413 53.090158   8.82846        9  8.65           2.9         9.594
       414 53.090105  8.828452       10  7.18           2.1         5.926
       415  53.09007  8.828428       11  6.42             2         4.219
       416 53.089998  8.828358       11  7.99             2         9.292
       417 53.089962  8.828258       11  8.16             2         7.823
       418 53.089925  8.828168       10  9.04             2         7.317
       419 53.089872  8.828067        9 10.77             2         8.991
       420 53.089837  8.827967        9 11.67             2         7.767
       421 53.089825  8.827863        8 12.63             2         7.114
       422 53.089797  8.827745        6 12.81             2         8.518
       423 53.089745  8.827645        4 12.02             2         8.868
       424 53.089688  8.827478        3 12.14           2.9         12.89
       425 53.089693   8.82739        3 12.11           2.1         5.940
       426 53.089695  8.827297        3 12.93             2         6.253
       427 53.089702  8.827195        3 12.67             2         6.898
       428 53.089712  8.827093        3  12.3             2         6.943
       429 53.089715  8.826993        4 12.02             2         6.727
       430 53.089702  8.826888        4 11.81             2         7.202
       431 53.089687  8.826783        5 11.61             2         7.250
       432 53.089647  8.826662        6  12.1             2         9.268
       433 53.089657   8.82655        8 12.69             2         7.607
       434  53.08965  8.826448        8 12.46             2         6.898
       435 53.089598  8.826378        7 11.79             2         7.459
       436 53.089557  8.826298        5 10.91             2         7.052
       437 53.089525  8.826235        4 10.42             2         5.534
       438 53.089453  8.826195        4 11.22             2         8.454
       439 53.089383  8.826155        5 12.77             2         8.243
       440 53.089287  8.826113        6 13.73           2.9         11.05
       441 53.089213  8.826078        6 13.15             2         8.567
       442 53.089142  8.826033        6 12.51           2.1         8.462
       443  53.08911   8.82601        6 11.07             2         3.886
       444 53.089012  8.825967        6 10.55           2.9         11.28
       445 53.088947  8.825923        6 11.18           2.1         7.817
       446  53.08888  8.825893        5 11.72             2         7.726
       447 53.088815  8.825873        5  12.9             2         7.360
       448 53.088752  8.825845        5 12.95             2         7.262
       449 53.088682  8.825825        5  13.1             2         7.908
       450 53.088617  8.825787        5 13.13             2         7.674
       451 53.088555   8.82573        5 13.59             2         7.893
       452 53.088467  8.825663        5 13.96             3         10.78
       453 53.088413  8.825605        5 13.65             2         7.165
       454 53.088373  8.825527        5 13.47             2         6.878
       455   53.0883  8.825393        5 13.32             3         12.13
       456  53.08825  8.825313        5 13.27             2         7.738
       457 53.088217  8.825238        5 13.53             2         6.237
       458 53.088152  8.825163        5 14.12             2         8.817
       459 53.088095  8.825047        4 15.08             2         10.05
       460 53.088048  8.824933        3 15.51             2         9.275
       461 53.088018   8.82479        3 14.65           2.9         10.17
       462  53.08801  8.824712        3 13.29           2.1         5.317
       463 53.087977  8.824573        2 11.57             3         10.03
       464 53.087957   8.82446        1 11.59             2         7.912
       465 53.087953   8.82435        1  11.6             2         7.404
       466 53.087943   8.82424        1 11.97             2         7.474
       467   53.0879  8.824132        1 12.41             2         8.692
       468  53.08789   8.82402        0 12.83             2         7.607
       469 53.087915  8.823918        0 12.79             2         7.397
       470 53.087935  8.823812        0 13.28             2         7.462
       471  53.08798  8.823733        0 13.47             2         7.299
       472 53.088037  8.823683        0 12.25             2         7.180
       473 53.088088  8.823612        0 12.55             2         7.416
       474 53.088152  8.823552        0 13.05             2         8.186
       475 53.088218  8.823475        0 14.02             2         8.985
       476 53.088315  8.823405        0 16.45             2         11.78
       477  53.08843    8.8233        2 17.45             3         14.61
       478 53.088495  8.823227        3 16.57             2         8.741
       479 53.088538   8.82315        4 15.46             2         7.049
       480 53.088547  8.823085        5 14.08             2         4.483
       481 53.088572  8.822992        5 12.78             3         6.841
       482   53.0886  8.822952        4 11.71             2         4.118
       483 53.088658   8.82292        4 10.18             2         6.806
       484 53.088773  8.822862        4 10.96             3         13.38
       485 53.088843  8.822812        4 11.74             2         8.486
       486 53.088888  8.822778        5 13.02             2         5.507
       487 53.088947  8.822728        6 13.15             2         7.378
       488 53.089005   8.82268        6  12.7             2         7.218
       489 53.089105   8.82262        7 12.98             3         11.84
       490 53.089158  8.822575        8 13.44             2         6.631
       491  53.08923  8.822467        9 14.12           2.9         10.81
       492 53.089278  8.822378        9    14           2.1         8.019
       493 53.089382  8.822293       11 14.69           2.9         12.91
       494 53.089425  8.822235       12 14.11           2.1         6.174
       495 53.089515  8.822132       14 13.16             3         12.17
       496 53.089572   8.82203       14 12.78             2         9.339
       497 53.089613  8.821935       15 12.54             2         7.847
       498 53.089608  8.821787       14 12.96           2.9         9.958
       499  53.08964  8.821722       13 13.04           2.1         5.637
       500 53.089678  8.821653       11  13.2             2         6.277
       501  53.08972  8.821573        9 13.71             2         7.124
       502 53.089755  8.821502        8 13.41             2         6.160
       503 53.089815  8.821425        7  14.1             2         8.448
       504 53.089857  8.821273        7 13.67           2.9         11.23
       505 53.089783  8.821133        7  13.2           2.1         12.50
       506 53.089737     8.821        6    13             2         10.30
       507 53.089712  8.820887        5 12.05             2         8.086
       508 53.089705  8.820763        5 12.02             2         8.367
       509  53.08971  8.820595        5 11.95           2.9         11.30
       510 53.089765   8.82052        4 11.74             2         7.930
       511 53.089825   8.82046        5 11.49           2.1         7.802
       512 53.089902  8.820403        5 11.45             2         9.388
       513 53.089967  8.820343        5 11.39             2         8.283
       514 53.090053  8.820233        6 12.35             3         12.09
       515 53.090093  8.820163        7  12.2             2         6.478
       516 53.090138  8.820102        6 12.95             2         6.473
       517 53.090235  8.819988        6 13.92           2.9         13.24
       518 53.090287   8.81992        6  12.9           2.1         7.375
       519 53.090315   8.81984        6 12.19             2         6.214
       520 53.090347  8.819747        6 11.49             2         7.193
       521 53.090372   8.81961        5 10.99           2.9         9.615
       522 53.090373  8.819515        5 11.49           2.1         6.384
       523 53.090373  8.819413        4 11.13             2         6.824
       524  53.09037    8.8193        4 11.58             2         7.599
       525 53.090375   8.81913        4  12.6             3         11.43
       526 53.090372  8.818992        4 12.24           2.9         9.276
       527 53.090357  8.818902        5 11.69           2.1         6.274
       528  53.09034  8.818748        4 11.07             3         10.52
       529 53.090335  8.818642        4 11.49             2         7.144
       530 53.090327  8.818537        4    12             2         7.111
       531 53.090287  8.818423        3  12.5             2         8.859
       532 53.090258  8.818297        3 13.29             2         9.059
       533 53.090213    8.8182        3 12.91             2         8.220
       534 53.090193    8.8181        3 13.11             2         7.078
       535 53.090182     8.818        3 12.71             2         6.830
       536 53.090177  8.817913        3 11.84             2         5.873
       537 53.090165  8.817808        3 12.22             2         7.180
       538  53.09017  8.817652        3 12.18           2.9         10.49
       539 53.090177   8.81755        3 12.12           2.1         6.898
       540  53.09019  8.817397        4 12.85           2.9         10.38
       541 53.090218  8.817295        4 12.15           2.1         7.529
       542 53.090198  8.817188        4 12.23             2         7.526
       543 53.090208  8.817085        4 12.03             2         7.009
       544 53.090213  8.816982        3 11.65             2         6.943
       545 53.090233  8.816895        2 11.55             2         6.256
       546  53.09024  8.816722        2 11.31           2.9         11.65
       547 53.090275  8.816608        2 11.04             2         8.593
       548 53.090275  8.816497        3 11.45             2         7.426
       549 53.090312  8.816408        4 13.09           2.1         7.261
       550 53.090353  8.816328        4 13.63             2         7.052
       551 53.090518  8.816273        5 13.39             3         18.73
       552 53.090633  8.816185        8 12.09             3         14.10
       553 53.090752  8.816243       10 11.75             2         13.81
       554 53.090847  8.816307       11 12.45             2         11.41
       555 53.090918  8.816425       12 12.32             3         11.19
       556 53.090938  8.816483       12 11.17             2         4.490
       557 53.090943  8.816533       13   8.9             2         3.408
       558 53.090945  8.816555       13  6.34           2.2         1.499
       559 53.090947  8.816577       13  2.27           3.8         1.499
       560 53.090935  8.816582       13  1.16             2         1.382
       561 53.090907  8.816608       13  0.89             3         3.576
       562  53.09089   8.81661       13  1.11           3.9         1.901
       563 53.090865  8.816597       11  1.02           6.1         2.920
       564  53.09088  8.816592       11     0            14         1.707
       565 53.090867  8.816603       11  0.52            15         1.629
       566 53.090858   8.81662       11  0.85             2         1.523
       567 53.090872  8.816635       12  0.54             8         1.860
       568 53.090895  8.816613       12  0.74             5         2.960
       569 53.090918  8.816673       12  2.88             4         4.777
       570 53.090947  8.816722       12  4.76             2         4.613
       571  53.09101  8.816758       12   6.2             2         7.419
       572 53.091082  8.816807       11  7.94             2         8.665
       573  53.09118  8.816898       11 10.04             3         12.50
       574  53.09122  8.816975       12 11.26             2         6.826
       575  53.09127  8.817027       11  11.6             2         6.573
       576 53.091327   8.81708       11 12.05             2         7.277
       577  53.09139  8.817133       10 11.91             2         7.866
       578 53.091457  8.817208       10 11.81             3         9.001
       579 53.091532  8.817288       10 12.28             2         9.928
       580 53.091592  8.817365       10 12.16             2         8.448
       581 53.091675  8.817422       10 12.56             2         10.00
       582 53.091722  8.817512       11 13.56             2         7.996
       583 53.091735  8.817602       11 12.55             2         6.218
       584 53.091755   8.81769       11 12.24             2         6.318
       585 53.091773  8.817783       10 11.45             2         6.562
       586 53.091828  8.817865       10 10.91             2         8.236
       587 53.091883  8.818032       10 11.29             3         12.78
       588 53.091902  8.818127       10 11.45             2         6.724
       589 53.091907  8.818202       11 10.74             2         5.071
       590 53.091932  8.818287       10 10.02             2         6.354
       591 53.091983  8.818392       10 10.21             2         9.054
       592    53.092  8.818507       10 10.41             2         7.954
       593 53.092008  8.818595       10 10.53             2         5.980
       594 53.092052   8.81872        9 11.17             3         9.721
       595 53.092048   8.81881        8 10.21             2         6.064
       596 53.092077  8.818932        7 10.34             2         8.808
       597 53.092092  8.819053        6 11.23             2         8.298
       598 53.092142  8.819143        5 11.84             2         8.218
       599 53.092203  8.819302        5 13.49             3         12.65
       600 53.092243  8.819378        5 12.94             2         6.776
       601  53.09231  8.819512        6 12.86             3         11.69
       602 53.092363  8.819592        7 12.79             2         7.981
       603  53.09242  8.819708        8 12.69           2.9         10.05
       604 53.092482  8.819787        8 12.67           2.1         8.706
       605 53.092535  8.819865        8 12.25             2         7.891
       606  53.09257  8.819955        8 12.51             2         7.193
       607 53.092622  8.820032        8 12.77             2         7.763
       608  53.09268    8.8201        8 12.77             2         7.910
       609  53.09274  8.820152        8 13.06             2         7.538
       610 53.092782  8.820212        7 12.82             2         6.174
       611 53.092832   8.82027        7 12.36             2         6.795
       612 53.092885  8.820348        7 11.16           2.9         7.891
       613 53.092935  8.820407        7 11.24             2         6.834
       614 53.092958  8.820443        7  10.6             2         3.525
       615 53.093005  8.820472        7 10.27             2         5.585
       616 53.093085  8.820517        7 10.81           2.1         9.404
       617 53.093162  8.820532        8    11             2         8.631
       618 53.093243  8.820547        8 11.78             2         9.073
       619  53.09333  8.820555        9 13.14             2         9.699
       620  53.09339  8.820582       10 12.77             2         6.922
       621 53.093422  8.820628        9 12.21             2         4.718
       622  53.09351  8.820688        8 11.07             3         10.59
       623 53.093567  8.820713        8 10.42             2         6.565
       624 53.093602  8.820738        8   9.8             2         4.245
       625 53.093663   8.82077        8  9.94             2         7.124
       626 53.093717  8.820808        7  9.72             2         6.532
       627 53.093767  8.820875        7  10.3             2         7.159
       628 53.093803  8.820932        6 10.63             2         5.544
       629  53.09388  8.820995        4 10.95             2         9.559
       630 53.093945   8.82107        3 11.29             2         8.817
       631 53.094013  8.821143        3 11.76             2         9.019
       632 53.094087  8.821222        3 12.55             2         9.798
       633 53.094162  8.821295        3 13.15             2         9.682
       634  53.09423  8.821368        3 13.54             2         9.019
       635 53.094282  8.821433        3 13.05             2         7.252
       636  53.09432  8.821505        4 12.73             2         6.427
       637 53.094393   8.82164        5 12.74             3         12.17
       638 53.094427  8.821738        6 12.93             2         7.594
       639 53.094447  8.821822        6 12.91             2         6.067
       640 53.094483  8.821907        5 12.43             2         6.977
       641  53.09456  8.822022        4 11.91           2.9         11.54
       642 53.094617  8.822105        4 11.93           2.1         8.447
       643 53.094665  8.822192        4 12.38             2         7.919
       644 53.094715  8.822268        3 12.72             2         7.553
       645 53.094765  8.822357        3  13.3             2         8.169
       646 53.094828  8.822435        3 14.17             2         8.754
       647  53.09487  8.822525        4 13.97             2         7.643
       648 53.094917  8.822605        4 13.99             2         7.501
       649 53.094967  8.822672        6 13.31             2         7.159
       650 53.095002  8.822727        6 12.16             2         5.371
       651 53.095098  8.822837        7 12.06             3         12.99
       652 53.095163  8.822913        8 11.79             2         8.855
       653 53.095205  8.822985        9 12.28             2         6.728
       654 53.095277  8.823052       10 12.86             2         9.192
       655 53.095325  8.823112       10 12.57             2         6.694
       656 53.095335  8.823195       10 12.24             2         5.687
       657 53.095387  8.823257        9  12.2             2         7.132
       658 53.095412  8.823308        7 10.95             2         4.416
       659 53.095465   8.82335        7 10.44             2         6.541
       660 53.095537  8.823402        7 10.25             2         8.743
       661 53.095603  8.823493        8 10.74             2         9.557
       662 53.095653  8.823567        7  11.9             2         7.463
       663 53.095725   8.82366        7 12.85             2         10.16
       664 53.095778  8.823785        6  13.2             3         10.26
       665  53.09582  8.823863        5 13.26             2         7.023
       666 53.095877  8.823933        4 13.18             2         7.898
       667 53.095935  8.824017        4 13.11             2         8.575
       668 53.096012  8.824145        4 13.78             3         12.14
       669  53.09605  8.824238        4 13.94             2         7.545
       670 53.096095  8.824313        5 13.55             2         7.105
       671 53.096137  8.824407        5 13.55             2         7.857
       672 53.096187  8.824492        5 13.42             2         7.974
       673 53.096233  8.824587        5 13.56             2         8.182
       674 53.096273  8.824735        6 13.35             3         10.89
       675 53.096317  8.824822        6 13.07             2         7.626
       676 53.096403   8.82494        7 13.03             3         12.43
       677 53.096465  8.825017        7 13.57             2         8.625
       678 53.096563  8.825113        8 13.82           2.9         12.67
       679  53.09661  8.825183        8 13.24           2.1         7.035
       680 53.096648  8.825298        9 12.12             3         8.807
       681 53.096683  8.825372        9 11.92             2         6.317
       682 53.096737  8.825453        9 12.13             2         8.108
       683 53.096802  8.825498        9 12.39             2         7.842
       684 53.096923  8.825575        9 13.43             3         14.43
       685 53.097008  8.825623        9 13.73             2         9.996
       686  53.09705  8.825698       11 13.15             2         6.874
       687 53.097098  8.825752       11 12.47             2         6.459
       688  53.09717   8.82581       12  12.7             2         8.912
       689 53.097232  8.825852       12 11.83             2         7.457
       690 53.097302  8.825893       13 11.71             2         8.265
       691 53.097377  8.825923       15 12.07             2         8.589
       692  53.09746  8.825967       17 11.85             2         9.700
       693 53.097528  8.826015       18 12.38             2         8.228
       694 53.097592  8.826067       18 13.15             2         7.935
       695 53.097627   8.82612       18  12.7             2         5.280
       696 53.097683  8.826172       17 12.82             2         7.147
       697 53.097748  8.826222       16 12.53             2         7.978
       698 53.097848  8.826247       15 12.63             3         11.26
       699 53.097932  8.826252       15 11.63             3         9.356
       700 53.097983  8.826285       16 11.02             2         6.096
       701  53.09804  8.826315       16 10.43             2         6.659
       702  53.09811  8.826325       16  9.86             2         7.822
       703 53.098193  8.826335       16 10.83             2         9.264
       704  53.09827  8.826355       16 11.48             2         8.676
       705 53.098347  8.826368       16 11.59             2         8.616
       706 53.098422  8.826382       17 11.71             2         8.402
       707 53.098492  8.826392       17 11.33             2         7.822
       708 53.098573  8.826432       16 11.04             3         9.408
       709 53.098647  8.826467       15 11.58             2         8.567
       710 53.098743  8.826538       14 11.91             3         11.70
       711 53.098815  8.826575       14 11.73             2         8.392
       712 53.098905  8.826637       14 12.04             2         10.85
       713 53.098975  8.826697       14 12.31             2         8.773
       714  53.09906   8.82674       14 13.24             2         9.892
       715 53.099135  8.826795       15 14.51             2         9.129
       716 53.099158  8.826863       15 13.76             2         5.238
       717 53.099203  8.826927       16 13.09             2         6.602
       718 53.099275  8.826993       15  12.5             2         9.159
       719 53.099355   8.82705       15 12.09             2         9.693
       720 53.099453  8.827128       15 12.91             3         12.10
       721 53.099493  8.827202       15 13.23             2         6.674
       722 53.099532  8.827285       15 13.53             2         7.067
       723 53.099583  8.827352       14 13.47             2         7.245
       724 53.099635   8.82742       14 13.71             2         7.374
       725 53.099688  8.827483       13 13.63             2         7.261
       726 53.099768  8.827535       12    13             3         9.565
       727 53.099818    8.8275       12 12.04             2         6.044
       728 53.099862  8.827443       12 10.99             2         6.218
       729 53.099918  8.827368       11  10.5             2         8.015
       730 53.099973  8.827308       10 10.98             2         7.331
       731 53.100032  8.827243        9 11.82             2         7.887
       732 53.100078  8.827155        8 11.44             3         7.821
       733 53.100128  8.827148        8 10.02             2         5.588
       734 53.100205  8.827213        7  9.07             3         9.619
       735 53.100263  8.827255        7   9.2             2         7.047
       736 53.100315  8.827307        7  9.86             2         6.762
       737  53.10039  8.827367        7 10.96             2         9.270
       738  53.10048  8.827435        7 11.08             3         11.01
       739 53.100523  8.827478        8 10.81             2         5.592
       740 53.100592  8.827512        8 10.41             2         8.014
       741 53.100653  8.827542        8  9.97             2         7.084
       742 53.100728   8.82758        7 10.23             2         8.730
       743 53.100825  8.827638        7 10.63             3         11.48
       744 53.100877  8.827643        7 10.14             2         5.800
       745 53.100972  8.827638        7  9.43             3         10.58
       746 53.101032  8.827607        7  9.61             2         6.997
       747  53.10106  8.827548        8  9.07             2         5.044
       748 53.101135  8.827488        8 10.48             2         9.270
       749 53.101238   8.82742        8 11.37             2         12.34
       750 53.101307  8.827312        8 12.46             2         10.56
       751 53.101358  8.827218        8 13.55             2         8.491
       752 53.101385  8.827107        8 14.13             2         8.038
       753 53.101418   8.82701        7 14.45             2         7.480
       754 53.101472  8.826918        7 14.08             2         8.621
       755 53.101515  8.826822        7 14.58             2         8.031
       756 53.101562  8.826727        7 14.34             2         8.252
       757 53.101625  8.826643        6  13.8             2         9.000
       758 53.101683  8.826572        6 13.92             2         8.027
       759 53.101772  8.826457        7 14.16             3         12.56
       760  53.10183  8.826393        7 14.08             2         7.757
       761 53.101878  8.826338        7    14             2         6.497
       762 53.101955  8.826302        7 13.14             2         8.906
       763 53.102055  8.826233        8 12.33             3         12.06
       764  53.10213  8.826195        8 12.48             2         8.730
       765 53.102203  8.826175        8 12.66             2         8.237
       766 53.102258   8.82615        8 12.95             2         6.350
       767 53.102323  8.826117        8 12.46             2         7.568
       768  53.10239  8.826077        8 12.46             2         7.928
       769 53.102495   8.82601        9 12.18             3         12.52
       770 53.102548   8.82599        9 12.21             2         6.052
       771 53.102617   8.82597        9 10.86             3         7.798
       772 53.102685  8.825933        9 10.79             2         7.968
       773 53.102732  8.825882        9  10.2             2         6.255
       774 53.102762  8.825822       10 10.25             2         5.236
       775 53.102823  8.825793       10  9.17             3         7.065
       776  53.10292  8.825767       10  9.39             2         10.94
       777 53.103012   8.82576       10  9.76             2         10.25
       778 53.103083  8.825708       10 10.14             2         8.641
       779 53.103175  8.825627       10  11.7             2         11.59
       780 53.103247  8.825558        9 12.02             2         9.258
       781  53.10334  8.825463        9 12.18             3         12.16
       782 53.103408  8.825383       10 12.34             2         9.282
       783 53.103468  8.825318        9 12.22             2         7.980
       784 53.103545  8.825227        9 12.91             3         10.53
       785  53.10363   8.82519        9 12.96             2         9.782
       786 53.103688  8.825143        9 12.81             2         7.188
       787 53.103792  8.825077        9 13.11           2.9         12.39
       788 53.103845  8.825033        9 12.86             2         6.600
       789 53.103877  8.824983        9 12.21             2         4.898
       790 53.103948  8.824933        9 11.92           2.1         8.588
       791  53.10402  8.824892        9 11.46             2         8.475
       792 53.104095  8.824808       10 11.51             3         10.08
       793 53.104162   8.82477       10 11.39             2         7.883
       794 53.104247  8.824745       10  10.8             2         9.609
       795 53.104335  8.824652       11 10.77             3         11.62
       796 53.104413  8.824607       11 11.38             2         9.194
       797  53.10448  8.824572       11 12.27             2         7.821
       798 53.104533  8.824522       11  12.4             2         6.790
       799 53.104608  8.824433       11 11.83             3         10.27
       800  53.10473  8.824395       11 11.61             3         13.82
       801 53.104798  8.824362       12 11.25             2         7.888
       802   53.1049   8.82429       11 11.72           2.9         12.34
       803 53.104953   8.82425       11 11.32           2.1         6.484
       804 53.104997    8.8242       11 11.12             2         5.940
       805 53.105047  8.824158       11 10.78             2         6.241
       806 53.105087  8.824105       11  9.87             2         5.702
       807 53.105125  8.824057       10  9.34             2         5.320
       808 53.105198  8.823995       10 10.23             2         9.131
       809 53.105268  8.823945       10 11.35             2         8.485
       810 53.105395  8.823905       10 12.36           2.9         14.39
       811  53.10546  8.823875       10    12           2.1         7.512
       812 53.105552  8.823837       10 11.86             2         10.55
       813 53.105677   8.82377       11 12.52             3         14.62
       814 53.105752  8.823718       11  13.4             2         9.050
       815 53.105828  8.823675       11 14.21             2         8.939
       816 53.105892  8.823648       10 13.91             2         7.352
       817 53.105963  8.823613       10 13.65             2         8.246
       818 53.106013  8.823587        9  13.1             2         5.835
       819 53.106055  8.823598        7  8.22             4         4.736
       820 53.106048  8.823615        6  0.58           7.9         1.386
       821 53.106017    8.8236        6   0.6             2         3.598
       822 53.105987  8.823572        5  1.04             2         3.835
       823 53.105962  8.823553        1  0.03          10.1         3.065
       824 53.105945  8.823532       -1  0.49            11         2.364
       825  53.10594  8.823515       -2  0.25             5         1.274
       826  53.10593  8.823497       -1  0.68             4         1.647
       827 53.105907   8.82349        0   0.9             5         2.607
       828  53.10587  8.823477        0  0.46            16         4.213
       829 53.105892  8.823475       -2   0.3           5.9         2.456
       830 53.105883  8.823457       -1  0.63             3         1.574
       831 53.105885   8.82348       -1  0.96           5.1         1.565
       832 53.105888  8.823515        0  1.16             3         2.378
       833 53.105872  8.823495        0  1.53            10         2.235
       834 53.105942  8.823493        0  2.38             2         7.794
       835 53.106027  8.823497        0  3.74             2         9.466
       836 53.106102  8.823483        1   6.2             2         8.402
       837 53.106192  8.823485        1  8.01             2         10.02
       838 53.106265  8.823498        1 10.08             2         8.173
       839 53.106343  8.823537        1 11.78             2         9.069
       840 53.106397  8.823612        1 12.24             2         7.843
       841 53.106467  8.823667        1 12.68             2         8.623
       842  53.10656  8.823735        1 13.77             2         11.31
       843 53.106635   8.82379        1 13.89             2         9.129
       844 53.106723  8.823873        1  14.1           2.9         11.27
       845 53.106782  8.823913        2 13.23             2         7.097
       846 53.106837  8.823958        3 12.47           2.1         6.829
       847 53.106893  8.823985        3 11.55             2         6.494
       848 53.106937  8.824007        3 11.26             2         5.118
       849 53.106982  8.824013        2 10.73             2         5.028
       850  53.10703  8.824015        2  10.5             2         5.347
       851 53.107112  8.824018        1 11.12             2         9.130
       852  53.10718  8.824015        1 11.48             2         7.573
       853  53.10726  8.824032        1 12.55             2         8.978
       854 53.107343  8.824047        1 13.31           2.1         9.294
       855 53.107452  8.824082        1 13.36           2.9         12.36
       856 53.107522  8.824093        1 13.34             2         7.828
       857 53.107608   8.82412        1 13.33             2         9.743
       858 53.107682  8.824147        2 12.89             2         8.435
       859  53.10775  8.824183        3 13.51             2         7.947
       860 53.107818  8.824218        3 13.65             2         7.927
       861  53.10791  8.824263        3 13.29           2.9         10.68
       862 53.107973   8.82429        3 13.17             2         7.245
       863 53.108055  8.824337        3 13.15             2         9.658
       864  53.10812  8.824373        3 12.91             2         7.630
       865 53.108185  8.824402        3 12.62           2.1         7.494
       866 53.108262  8.824437        3 13.11             2         8.888
       867 53.108358  8.824477        4 12.47             3         11.02
       868   53.1084  8.824492        4 11.76             2         4.785
       869 53.108467  8.824523        4 10.06           2.9         7.744
       870 53.108542  8.824535        4  9.05           2.1         8.388
       871 53.108632  8.824565        4 10.33             2         10.22
       872 53.108695  8.824575        4 11.25             2         7.046
       873  53.10876   8.82458        4 12.05             2         7.244
       874 53.108872  8.824578        4 12.57           2.9         12.47
       875 53.108942  8.824565        5 12.18           2.1         7.842
       876 53.108983  8.824548        4 11.31             2         4.707
       877 53.109097  8.824512        4 12.18           2.9         12.92
       878 53.109172  8.824485        4 12.52           2.1         8.544
       879 53.109232  8.824445        4 12.73             2         7.200
       880 53.109348  8.824397        4 12.48             3         13.31
       881  53.10942  8.824383        5 11.83             2         8.070
       882 53.109527  8.824387        6 12.15           2.9         11.91
       883  53.10958  8.824382        6 11.65           2.1         5.911
       884 53.109642  8.824402        5 11.59             2         7.032
       885 53.109698   8.82441        5    11             2         6.258
       886 53.109798  8.824425        5 10.74           2.1         11.18
       887 53.109938  8.824435        5 11.82           2.9         15.60
       888 53.110013  8.824435        6 12.67             2         8.326
       889 53.110068  8.824448        6 12.94             2         6.186
       890  53.11015  8.824443        6 13.45             2         9.134
       891 53.110213  8.824452        5 13.19             2         7.040
       892 53.110277  8.824473        5 12.49             2         7.264
       893 53.110342  8.824485        4 12.57             2         7.281
       894 53.110398  8.824502        4 11.59             2         6.339
       895 53.110475  8.824545        4 11.35             2         9.045
       896  53.11055  8.824605        4    12             2         9.270
       897 53.110595   8.82466        4 11.58             2         6.225
       898 53.110645  8.824708        5 11.95             2         6.433
       899 53.110725  8.824763        4 12.08             3         9.640
       900 53.110795  8.824793        4 11.75             2         8.049
       901  53.11086  8.824747        4 12.57             2         7.868
       902 53.110908  8.824577        4 12.61             3         12.60
       903 53.110938  8.824468        4 12.73             2         8.045
       904 53.110967  8.824357        4 12.87             2         8.123
       905 53.111002  8.824247        4 12.71             2         8.351
       906 53.111027  8.824147        4 12.51             2         7.269
       907 53.111033  8.824062        4 11.59             2         5.748
       908 53.111063  8.823943        4 11.47             2         8.660
       909 53.111088  8.823813        5 11.67             2         9.162
       910 53.111133  8.823713        5  11.9             2         8.378
       911 53.111152  8.823607        5 13.13             2         7.426
       912 53.111185    8.8235        4 13.41             2         8.070
       913 53.111205  8.823385        4 13.31             2         8.037
       914  53.11124  8.823277        4 13.88             2         8.233
       915 53.111273  8.823175        4 13.92             2         7.773
       916 53.111325   8.82302        4 14.58           2.9         11.91
       917 53.111345  8.822912        3 14.52           2.1         7.587
       918  53.11136   8.82281        2 14.15             2         7.051
       919 53.111382  8.822717        1 13.96             2         6.709
       920 53.111393  8.822597        1 13.93             2         8.150
       921  53.11143  8.822485        1 14.23             2         8.575
       922 53.111447  8.822378        1 14.66             2         7.430
       923 53.111468  8.822258        1 14.76             2         8.390
       924 53.111498   8.82216        1 14.09             2         7.380
       925 53.111528  8.822053        1 14.04             2         7.923
       926 53.111555  8.821945        0 14.13             2         7.851
       927 53.111577  8.821838        0 13.75             2         7.591
       928 53.111597  8.821722        0 13.75             2         8.101
       929 53.111628   8.82163        0 12.83             2         7.077
       930 53.111658  8.821517        0 12.53             2         8.290
       931 53.111682  8.821398        0  12.8             2         8.425
       932  53.11171  8.821278        0 13.29             2         8.639
       933 53.111742  8.821155        0 13.99             2         8.994
       934 53.111788  8.821048        0 14.22             2         8.823
       935 53.111817  8.820948       -1 14.01             2         7.451
       936 53.111903   8.82082       -1 13.44             3         12.86
       937 53.111947  8.820743        0  12.4             2         7.123
       938 53.111952  8.820652        0 11.76             2         6.137
       939 53.111935  8.820543        0 12.01             2         7.560
       940 53.111912   8.82043        0 12.45             2         8.008
       941 53.111898  8.820322        0 13.32             2         7.418
       942  53.11188  8.820212        0 13.85             2         7.654
       943 53.111855    8.8201        0 13.76             2         8.019
       944 53.111835  8.819987        0 13.72             2         7.908
       945 53.111818  8.819872        0 13.59             2         7.951
       946 53.111792  8.819768        0 13.42             2         7.560
       947 53.111775  8.819667        0 13.14             2         7.042
       948  53.11173  8.819598        0 12.83             2         6.825
       949 53.111662   8.81961        0  12.8             2         7.613
       950 53.111572  8.819717        0 13.12           2.9         12.33
       951  53.11153  8.819798        0 13.53             2         7.173
       952 53.111475  8.819867        0  13.1           2.1         7.679
       953  53.11141   8.81992        0 13.06             2         8.064
       954  53.11134  8.819952        0 12.86             2         8.084
       955 53.111233  8.820003        0  13.2             3         12.39
       956  53.11116  8.820032        0  13.9             2         8.357
       957 53.111082  8.820043        0 14.38             2         8.714
       958 53.111007  8.820048        0 14.51             2         8.356
       959 53.110943  8.820065        0  14.1             2         7.216
       960  53.11088  8.820072        0 13.67             2         7.030
       961 53.110813  8.820078        0 13.08             2         7.470
       962 53.110747  8.820092        0  13.1             2         7.408
       963 53.110673  8.820097        0 13.47             2         8.245
       964   53.1106  8.820107        0 14.01             2         8.154
       965 53.110527  8.820098        0 14.08             2         8.149
       966  53.11045   8.82009        0 14.43             2         8.589
       967 53.110378  8.820068       -1 14.51             2         8.150
       968  53.11031  8.820017       -1 14.46             2         8.309
       969  53.11024  8.819965       -1 15.04             2         8.539
       970 53.110168  8.819913       -1  15.3             2         8.743
       971 53.110095  8.819857       -1 15.83             2         8.954
       972 53.110032  8.819797       -1 16.09             2         8.088
       973 53.109968  8.819743       -1 16.26             2         7.995
       974 53.109907  8.819683       -1 15.92             2         7.896
       975 53.109853  8.819632        0  15.2             2         6.919
       976  53.10979  8.819582        0 14.83             2         7.776
       977  53.10973  8.819518        0 14.32             2         7.943
       978 53.109665  8.819452        0 14.58             2         8.485
       979 53.109597    8.8194        0  14.9             2         8.337
       980 53.109542  8.819335        0 15.13             2         7.520
       981 53.109498  8.819257        0 14.74             2         7.172
       982 53.109462  8.819157        0 14.13             2         7.820
       983  53.10942  8.819057        0 13.94             2         8.183
       984 53.109375  8.818967        0 13.61             2         7.850
       985 53.109332  8.818883        0  13.6             2         7.399
       986 53.109297  8.818817        0 12.93             2         5.903
       987 53.109252  8.818778        0 11.51             2         5.654
       988 53.109183  8.818732        0 10.77             2         8.279
       989 53.109107  8.818698        0  10.9             2         8.763
       990  53.10903  8.818658        0 11.86             2         8.982
       991 53.108962   8.81862        0 12.89             2         7.989
       992 53.108903  8.818557        0 13.41             2         7.813
       993 53.108843  8.818513        0  13.3             2         7.304
       994  53.10877  8.818465        0 13.42             2         8.742
       995 53.108703  8.818425        0 13.61             2         7.928
       996 53.108633   8.81838        0 14.25             2         8.358
       997  53.10856  8.818335        0 14.78             2         8.670
       998 53.108498  8.818287        0 14.29             2         7.618
       999 53.108428  8.818252        0 14.57             2         8.139
      1000  53.10836  8.818208        0 14.43             2         8.126
      1001  53.10829  8.818165        0  14.2             2         8.310
      1002 53.108218  8.818138        0  14.6             2         8.218
      1003 53.108148  8.818113        0 14.58             2         7.972
      1004 53.108075  8.818083        0 14.69             2         8.373
      1005 53.108005  8.818062        1 14.62             2         7.919
      1006 53.107937   8.81804        1 14.35             2         7.713
      1007 53.107857  8.818032        1 14.38             2         8.922
      1008  53.10779  8.818013        2 14.04             2         7.567
      1009 53.107725  8.817992        2 14.05             2         7.373
      1010 53.107653  8.817977        2 14.17             2         8.078
      1011 53.107578  8.817952        2 14.04             2         8.516
      1012  53.10752  8.817902        2 13.77             2         7.278
      1013 53.107447   8.81788        2 13.95             2         8.260
      1014 53.107375  8.817848        2 14.09             2         8.298
      1015 53.107305  8.817805        1 14.13             2         8.310
      1016 53.107235  8.817773        1 14.45             2         8.084
      1017 53.107168  8.817733        1 14.51             2         7.928
      1018 53.107108   8.81769        0 14.25             2         7.277
      1019 53.107045  8.817657        0 13.87             2         7.356
      1020 53.106973  8.817617        0 14.13             2         8.453
      1021 53.106903  8.817595        0 13.72             2         7.932
      1022 53.106827   8.81758        0 14.06             2         8.520
      1023  53.10675  8.817563        0 14.55             2         8.647
      1024  53.10664  8.817548        1 14.16             3         12.28
      1025  53.10657  8.817557        1 14.07             2         7.816
      1026 53.106512  8.817603        1  13.4             2         7.158
      1027 53.106475  8.817715        1 12.75             2         8.575
      1028  53.10644   8.81784        1 13.29             2         9.254
      1029 53.106413  8.817962        1  13.8             2         8.727
      1030 53.106388  8.818072        1 13.99             2         7.894
      1031 53.106368   8.81818        1 13.92             2         7.587
      1032  53.10634   8.81828        1 13.14             2         7.404
      1033 53.106295  8.818325        1 11.72             2         5.852
      1034 53.106198   8.81828        0    12             2         11.21
      1035  53.10613   8.81825        0 12.39             2         7.834
      1036  53.10606  8.818215        0 12.55             2         8.139
      1037 53.105985  8.818188        0 13.75             2         8.544
      1038  53.10591  8.818145        0 14.09             2         8.834
      1039 53.105833  8.818117        0 14.38             2         8.775
      1040 53.105757  8.818088        0 14.99             2         8.682
      1041 53.105687  8.818048        0 15.32             2         8.243
      1042  53.10562  8.818018        0 14.49             2         7.726
      1043 53.105558  8.817975        0 14.14             2         7.482
      1044 53.105482   8.81793        0 13.54             2         8.984
      1045 53.105413  8.817888        1 13.01             2         8.183
      1046  53.10535   8.81783        1 13.53             2         8.023
      1047 53.105287  8.817787        2 13.53             2         7.585
      1048 53.105213  8.817738        1 13.99             2         8.871
      1049 53.105142  8.817692        1 14.08             2         8.486
      1050 53.105078  8.817633        1 13.99             2         8.152
      1051 53.105007  8.817582        1 14.18             2         8.614
      1052 53.104942  8.817542        0 14.12             2         7.719
      1053 53.104875  8.817488        0 14.09             2         8.294
      1054 53.104813  8.817437        0 14.16             2         7.706
      1055 53.104717  8.817352        0 14.04             3         12.11
      1056 53.104655  8.817302        0 14.09             2         7.676
      1057 53.104588  8.817252        0 14.02             2         8.180
      1058 53.104518  8.817192        0 14.49             2         8.773
      1059 53.104458  8.817142        0 14.04             2         7.476
      1060 53.104403  8.817087        0 13.48             2         7.151
      1061 53.104345  8.817028        0 13.18             2         7.576
      1062 53.104282   8.81697        1  12.8             2         8.023
      1063 53.104217  8.816905        1 13.68             2         8.451
      1064 53.104142  8.816835        1 14.59             2         9.581
      1065 53.104068  8.816768        1    15             2         9.386
      1066 53.104007  8.816692        1    15             2         8.495
      1067 53.103962  8.816613        1 14.77             2         7.298
      1068 53.103905  8.816535        1  14.7             2         8.228
      1069 53.103848  8.816477        2    14             2         7.446
      1070 53.103788  8.816428        2 13.96             2         7.447
      1071 53.103723  8.816385        2 13.96             2         7.791
      1072 53.103647  8.816352        2 14.08             2         8.746
      1073 53.103578   8.81632        2 13.64             2         7.976
      1074 53.103505  8.816275        3 13.53             2         8.670
      1075 53.103443  8.816218        3 13.62             2         7.893
      1076 53.103378   8.81617        3 13.41             2         7.922
      1077 53.103303  8.816112        3 13.94             2         9.213
      1078  53.10324  8.816052        3 14.28             2         8.089
      1079 53.103182  8.815995        2 14.17             2         7.507
      1080 53.103115  8.815957        2 14.23             2         7.883
      1081 53.103037  8.815913        1 14.23             2         9.172
      1082  53.10297  8.815858        1 14.58             2         8.323
      1083 53.102897  8.815792        1 15.07             2         9.256
      1084 53.102832  8.815723        1  15.4             2         8.593
      1085 53.102762  8.815672        1 15.35             2         8.512
      1086 53.102697  8.815632        1 14.89             2         7.719
      1087 53.102632  8.815573        1 14.35             2         8.250
      1088 53.102533  8.815493        1 14.21             3         12.26
      1089 53.102475  8.815442        1 14.15             2         7.310
      1090 53.102405  8.815387        1  14.4             2         8.624
      1091 53.102335  8.815335        1 14.44             2         8.539
      1092 53.102277  8.815307        1 13.51           2.1         6.726
      1093 53.102222  8.815258        1  9.02           3.9         6.952
      1094 53.102222  8.815258        1  9.02           0.2         0.000
