Serial No.  Latitude Longitude Altitude Speed Interval time Interval Dist
         1 53.102347  8.815322       -7  8.29             0             0
         2 53.102413  8.815372       -7 11.56             2         8.079
         3 53.102483   8.81542       -7 13.64             2         8.433
         4 53.102557  8.815467       -8  14.3             2         8.822
         5  53.10263  8.815513       -9 14.78             2         8.694
         6 53.102707  8.815557       -9 15.02             2         9.066
         7 53.102795  8.815607       -9 15.58             2         10.35
         8 53.102878  8.815663      -10 15.96             2         9.975
         9 53.102953  8.815713      -10 16.11             2         8.999
        10 53.103028  8.815768      -10 16.24             2         9.129
        11 53.103107  8.815827      -12 16.17             2         9.645
        12 53.103177  8.815895      -13 15.85             2         9.032
        13 53.103228  8.815967      -13 15.53             2         7.458
        14 53.103288  8.816013      -13 14.64             2         7.360
        15 53.103373  8.816062      -13 14.22             2         10.02
        16 53.103447  8.816112      -14 13.92             2         8.896
        17 53.103523  8.816162      -14 14.04             2         9.102
        18 53.103598  8.816205      -14 14.65             2         8.834
        19 53.103678  8.816248      -14 14.43             2         9.362
        20 53.103753  8.816297      -14 14.42             2         8.974
        21 53.103813  8.816338      -14 13.91             2         7.225
        22  53.10388  8.816385      -14 13.73             2         8.099
        23 53.103948   8.81643      -14 13.56           2.1         8.151
        24 53.104045  8.816517      -14 14.11           2.9         12.28
        25  53.10409  8.816608      -14 14.23             2         7.903
        26 53.104142  8.816692      -15 14.09             2         8.083
        27  53.10421  8.816745      -15 13.97             2         8.365
        28 53.104273    8.8168      -16 13.67             2         7.927
        29  53.10432  8.816882      -16 13.37             2         7.597
        30 53.104368  8.816967      -16 13.59             2         7.820
        31  53.10453  8.817257      -24 11.08           2.6         26.53
        32  53.10454   8.81719      -24 11.54             2         4.638
        33 53.104603  8.817223      -10 11.93             2         7.356
        34  53.10466  8.817268       -1 14.59             2         7.029
        35 53.104723  8.817327        0 14.38             2         8.055
        36 53.104778  8.817387        0 13.77             2         7.330
        37  53.10484  8.817437        0  13.4             2         7.676
        38 53.104935  8.817512        0 13.13             3         11.71
        39 53.104993  8.817563        0 12.99             2         7.310
        40 53.105057  8.817608        0 13.42             2         7.739
        41 53.105122  8.817643        1 13.44             2         7.609
        42 53.105187  8.817685        1 13.41             2         7.767
        43 53.105253  8.817733        1 13.74             2         8.024
        44  53.10532  8.817778        2  13.6             2         8.048
        45 53.105388  8.817823        2 13.75             2         8.151
        46 53.105457  8.817858        2 13.91             2         8.033
        47 53.105523  8.817895        1 13.88             2         7.756
        48 53.105593  8.817937        1 13.59             2         8.287
        49  53.10565  8.817993        1 13.36             2         7.377
        50 53.105708   8.81803        1 13.01             2         6.919
        51 53.105785  8.818073        0 13.09             2         9.045
        52 53.105865  8.818107        0  13.6             2         9.193
        53 53.105943  8.818148        0 14.31           2.1         9.109
        54  53.10605  8.818197        1 14.67           2.9         12.36
        55 53.106123  8.818225        1  14.9             2         8.341
        56 53.106202  8.818247        0  15.2             2         8.917
        57 53.106268  8.818275        0 14.52             2         7.585
        58 53.106327  8.818305        0 14.45             2         6.871
        59 53.106393  8.818312        0 13.92             2         7.363
        60 53.106448  8.818245        0 13.44             2         7.599
        61 53.106473  8.818128        0 13.78             2         8.336
        62 53.106498  8.818005        0 14.07             2         8.716
        63  53.10652  8.817892        0 14.24             2         7.974
        64 53.106523   8.81778       -1 13.22             2         7.529
        65  53.10654  8.817652       -2 13.35             2         8.802
        66 53.106573  8.817553       -2 12.71             2         7.596
        67 53.106642  8.817517       -2 12.51             2         8.053
        68  53.10672   8.81753       -3 13.21             2         8.727
        69 53.106795  8.817557       -2 12.89             2         8.544
        70 53.106865   8.81758       -2 13.29             2         7.944
        71 53.106963  8.817628       -2 12.71             3         11.37
        72 53.107025  8.817653       -1 12.59             2         7.104
        73 53.107097  8.817673       -3  12.3             2         8.127
        74 53.107178  8.817687       -3 12.85             2         9.066
        75 53.107247  8.817712       -3 13.01             2         7.863
        76 53.107322  8.817757       -3  13.4             2         8.879
        77  53.10739  8.817795       -3 13.23             2         7.989
        78 53.107455   8.81783       -3  12.8             2         7.609
        79  53.10753  8.817862       -3 13.23             2         8.621
        80 53.107603  8.817915       -3 13.43             2         8.871
        81 53.107667  8.817943       -3 13.33             2         7.369
        82 53.107737  8.817968       -3 13.57             2         7.972
        83 53.107812  8.817995       -2 13.43             2         8.544
        84  53.10788  8.818025       -2 13.04           2.1         7.834
        85 53.107975   8.81808       -3 12.71           2.9         11.20
        86 53.108028  8.818112       -2 11.74             2         6.281
        87 53.108105  8.818125       -2 11.86             2         8.616
        88 53.108223   8.81815       -2 12.51             3         13.24
        89 53.108295   8.81818       -2 13.55             2         8.265
        90  53.10836  8.818208       -2 13.71             2         7.477
        91 53.108423   8.81825       -2 13.61             2         7.560
        92 53.108492  8.818288       -1 13.43             2         8.094
        93 53.108563  8.818332       -3 13.56             2         8.438
        94 53.108632  8.818368       -3 13.76             2         8.053
        95 53.108702  8.818407       -3 14.03             2         8.221
        96 53.108737  8.818422       -3 13.55             2         4.027
        97 53.108795  8.818457       -2 13.17             2         6.872
        98 53.108858  8.818497       -2  13.2             2         7.511
        99 53.108917  8.818533       -1 12.92             2         7.000
       100 53.108975  8.818568       -1 12.56             2         6.872
       101 53.109035  8.818605       -1 12.81             2         7.127
       102  53.10913   8.81866       -1 12.42             3         11.20
       103 53.109152  8.818787       -1 10.68           2.1         8.873
       104 53.109275  8.818795        2  8.95           2.2         13.70
       105 53.109312  8.818785        2  8.31           2.1         4.176
       106 53.109385  8.818847        1  9.58           2.9         9.131
       107 53.109425  8.818917        1 10.29             2         6.476
       108 53.109463  8.819002        1  10.9             2         7.105
       109 53.109495  8.819082        1 11.24             2         6.447
       110 53.109528   8.81916        1 11.14           2.1         6.399
       111 53.109567   8.81924        0 10.91             2         6.908
       112 53.109628   8.81938        0 11.43           2.9         11.60
       113 53.109678  8.819445        1  11.7             2         7.074
       114 53.109733  8.819498        1 12.22             2         7.083
       115 53.109793   8.81954        1 12.15             2         7.251
       116 53.109843   8.81958        1 12.03           2.1         6.182
       117 53.109893  8.819617        1 11.57             2         6.097
       118 53.109975  8.819683        1 11.07           3.1         10.15
       119 53.110055  8.819753        1 11.51           2.8         10.07
       120   53.1101  8.819793        0 11.79           2.1         5.686
       121 53.110178  8.819865        0 12.01           3.3         9.938
       122 53.110247  8.819933        0 11.17           2.6         8.936
       123 53.110307  8.819982        0 11.41             2         7.446
       124 53.110362  8.820015        0 11.17             2         6.513
       125 53.110417  8.820053       -1 11.35             2         6.634
       126 53.110475  8.820083       -1 11.51           2.1         6.765
       127 53.110567  8.820093       -2 11.58           2.9         10.26
       128 53.110627  8.820087       -2 11.61             2         6.693
       129 53.110697  8.820088       -2 12.12           2.1         7.793
       130 53.110785  8.820075       -2 12.21           2.9         9.834
       131 53.110843  8.820068       -2 11.94             2         6.475
       132 53.110898  8.820063       -2 11.71           2.1         6.133
       133 53.110967  8.820068       -3 12.02             2         7.689
       134  53.11102   8.82005       -3 12.19             2         6.024
       135 53.111108  8.820023       -3 12.55             3         9.962
       136 53.111168  8.820008       -2 12.03             2         6.756
       137 53.111223  8.819993       -2 11.84             2         6.206
       138 53.111278   8.81998       -1 11.97             2         6.186
       139 53.111335  8.819967       -1  11.7             2         6.406
       140 53.111428  8.819935       -1 11.93           2.9         10.57
       141 53.111485  8.819885        0 11.94           2.1         7.180
       142 53.111555  8.819787        0 11.63           2.9         10.20
       143 53.111598  8.819733        0 11.44             2         6.007
       144 53.111642  8.819672        0 11.09             2         6.386
       145  53.11168  8.819607        0  10.8             2         6.080
       146 53.111733  8.819567        0 10.98           2.1         6.484
       147 53.111795  8.819598        0 10.75             2         7.210
       148 53.111842  8.819715        0 10.87             3         9.438
       149 53.111872  8.819857        0 10.94             3         10.10
       150 53.111883  8.819963        0 11.33             2         7.223
       151 53.111902   8.82006        0 11.68             2         6.849
       152 53.111917  8.820167        0 11.77             2         7.377
       153 53.111937    8.8203        1 11.71           2.9         9.203
       154 53.111953  8.820395        1 11.68           2.1         6.624
       155 53.111972  8.820492        2 11.74             2         6.849
       156 53.111992  8.820582        2 11.51             2         6.442
       157 53.112005  8.820728        3 11.88             3         9.909
       158 53.112013  8.820823        3 11.51             2         6.442
       159  53.11204  8.820965        3 11.38           2.9         9.996
       160  53.11206  8.821057        4 11.25           2.1         6.568
       161 53.112078  8.821138        4 10.88             2         5.798
       162 53.112102  8.821228        4 10.49             2         6.609
       163 53.112112  8.821352        5 10.01             3         8.400
       164 53.112137   8.82144        5 10.13             2         6.533
       165 53.112138  8.821537        5 10.08             2         6.515
       166 53.112145  8.821615        6  9.82             2         5.297
       167  53.11216  8.821703        6 10.08           2.1         6.142
       168 53.112167   8.82181        6  9.06           2.8         7.228
       169 53.112135  8.821858        6  8.68             2         4.806
       170 53.112062   8.82192        5  9.28             2         9.130
       171 53.111987   8.82197        5 10.15             2         8.999
       172 53.111938  8.822017        4 10.94             2         6.303
       173 53.111947  8.822112        5 11.57           2.1         6.458
       174 53.111968  8.822217        5 11.69             2         7.429
       175 53.111985  8.822367        5 11.56           2.9         10.25
       176 53.111977  8.822458        5 11.85             2         6.176
       177 53.111957  8.822547        5 11.83             2         6.379
       178  53.11194  8.822627        5 10.68             2         5.697
       179  53.11195  8.822708        5 10.22           2.1         5.553
       180 53.111963  8.822808        4  9.97             2         6.870
       181 53.111953    8.8229        4  9.43             2         6.278
       182 53.111912  8.822993        3 10.03             2         7.735
       183  53.11186  8.823115        3 10.57           2.9         10.03
       184  53.11182  8.823213        3 11.42             2         7.946
       185 53.111785  8.823292        3 11.37             2         6.583
       186 53.111747  8.823368        3 11.52             2         6.630
       187 53.111705   8.82345        3 11.86           2.1         7.224
       188 53.111665   8.82351        3 11.26             2         6.006
       189 53.111628   8.82357        3  11.2             2         5.763
       190 53.111585  8.823628        3 10.51             2         6.172
       191  53.11154   8.82369        3  10.2             2         6.515
       192 53.111495  8.823733        3  9.94             2         5.784
       193 53.111457  8.823785        3  9.64             2         5.487
       194 53.111413   8.82385        3 10.03             2         6.562
       195 53.111367  8.823908        3  9.89             2         6.435
       196 53.111327  8.823963        3  9.88             2         5.787
       197 53.111292  8.824065        3  9.58           2.9         7.880
       198 53.111268  8.824148        4  8.92           2.1         6.182
       199 53.111235  8.824222        4   8.8             2         6.181
       200 53.111205  8.824305        4   9.1             2         6.498
       201 53.111143  8.824452        4 10.18           2.9         12.04
       202  53.11111   8.82455        5 10.38             2         7.537
       203  53.11108  8.824638        5 10.84           2.1         6.789
       204 53.111042  8.824763        6 10.83           2.9         9.399
       205 53.111015  8.824857        6 10.73             2         6.992
       206 53.110987  8.824942        6 10.58           2.1         6.504
       207 53.110967  8.825018        5 10.08             2         5.570
       208 53.110953  8.825092        5  9.68             2         5.210
       209 53.110913  8.825255        5  9.83             3         11.81
       210  53.11087  8.825362        6  9.91             2         8.633
       211 53.110835   8.82544        6 10.29             2         6.529
       212 53.110798  8.825547        6 11.46             2         8.282
       213 53.110763  8.825645        6 11.43             2         7.648
       214 53.110728  8.825745        7 11.54             2         7.764
       215 53.110695  8.825845        7 11.65             2         7.655
       216 53.110647  8.826025        6 11.52           2.9         13.21
       217 53.110608  8.826138        6 12.05             2         8.742
       218 53.110568  8.826243        6 12.48           2.1         8.339
       219  53.11054  8.826352        7 12.63             2         7.956
       220 53.110518  8.826472        7 12.76             2         8.422
       221 53.110497  8.826583        7 12.45             2         7.812
       222 53.110468  8.826687        7  12.5             2         7.694
       223 53.110423  8.826795        7 12.98             2         8.814
       224 53.110373  8.826898        8 13.31             2         8.878
       225 53.110337  8.827023        8 13.41             2         9.301
       226 53.110315  8.827147        8 13.48             2         8.679
       227 53.110282  8.827263        8 13.57             2         8.612
       228  53.11027  8.827372        8 13.04             2         7.441
       229 53.110247  8.827535        7 13.03             3         11.24
       230  53.11019  8.827697        6 12.37             3         12.59
       231  53.11016  8.827793        6 11.94             2         7.261
       232 53.110142  8.827962        6 11.78           2.9         11.52
       233 53.110125   8.82806        6 11.42             2         6.848
       234 53.110087   8.82816        6  11.8           2.1         7.937
       235 53.110027  8.828307        6  11.5             3         11.92
       236 53.109985  8.828398        6 12.03             2         7.695
       237 53.109942  8.828498        6  12.5             2         8.247
       238 53.109893  8.828605        6 13.02             2         9.021
       239 53.109858  8.828698        6 13.45             2         7.361
       240 53.109815  8.828842        6 13.22             3         10.79
       241 53.109782  8.828933        5 12.39             2         7.131
       242 53.109742  8.829032        5 12.02             2         8.002
       243 53.109688  8.829178        5 11.46             3         11.50
       244 53.109652   8.82927        5 11.78             2         7.365
       245 53.109615  8.829387        5  12.3             2         8.871
       246 53.109588  8.829498        5 12.48             2         8.037
       247 53.109562  8.829605        5 12.81             2         7.747
       248  53.10953  8.829722        5 13.75             2         8.626
       249 53.109492  8.829833        6 13.54             2         8.570
       250 53.109458   8.82993        6 13.53             2         7.534
       251 53.109425  8.830053        6 14.22             2         9.039
       252 53.109368  8.830238        5 14.16           2.9         13.95
       253 53.109338  8.830342        5 14.68             2         7.742
       254 53.109307  8.830448        5 14.03           2.1         7.911
       255 53.109277  8.830562        5  13.7             2         8.352
       256 53.109243  8.830683        5 13.51             2         8.963
       257 53.109177  8.830857        5 13.66           2.9         13.80
       258 53.109135  8.830965        5 13.69           2.1         8.629
       259 53.109087  8.831123        6 13.44           2.9         11.88
       260 53.109057  8.831233        6 13.61             2         8.107
       261  53.10903  8.831338        6 13.33           2.1         7.665
       262 53.108998  8.831443        7 13.08             2         7.900
       263 53.108965   8.83157        6 13.47             2         9.285
       264  53.10893  8.831693        6 13.42             2         9.132
       265 53.108905  8.831815        6 13.65             2         8.652
       266 53.108887  8.831925        7 13.08             2         7.654
       267 53.108847  8.832045        7 12.79             2         9.206
       268  53.10884  8.832163        7 12.59             2         7.962
       269  53.10883   8.83229        7  12.7             2         8.601
       270 53.108818  8.832408        7 13.27             2         8.036
       271 53.108798  8.832528        6 13.22             2         8.360
       272 53.108777   8.83273        5 14.05           2.9         13.76
       273  53.10877  8.832872        5 14.47             2         9.567
       274 53.108768  8.832998        5 15.14           2.1         8.464
       275 53.108765  8.833103        5 14.34             2         7.060
       276 53.108718   8.83315        4 13.05             2         6.112
       277 53.108642  8.833092        4  12.5             2         9.313
       278 53.108575   8.83303        4 12.15             2         8.542
       279 53.108508  8.832983        4 12.42             2         8.099
       280 53.108447  8.832933        4 12.79             2         7.576
       281 53.108392  8.832875        4 12.29             2         7.257
       282 53.108282  8.832825        4 12.65           2.9         12.69
       283 53.108197   8.83276        4 13.25             2         10.42
       284 53.108125  8.832705        4  14.3           2.1         8.825
       285 53.108063  8.832652        4  14.5             2         7.766
       286 53.108003  8.832587        3 14.12             2         7.979
       287  53.10799  8.832412        3    13             3         11.84
       288 53.108012  8.832317        2 12.43             2         6.834
       289 53.108037  8.832215        2 12.15             2         7.394
       290 53.108073  8.832113        2 12.35             2         7.936
       291 53.108118  8.831955        2    13             3         11.73
       292 53.108145  8.831837        2 13.84             2         8.475
       293 53.108168  8.831727        2 14.03             2         7.818
       294 53.108218  8.831578        2 14.15           2.9         11.45
       295 53.108233  8.831457        3 13.72             2         8.295
       296 53.108235  8.831323        3 13.57           2.1         9.001
       297 53.108247    8.8312        4 13.44             2         8.367
       298 53.108273  8.831095        4 13.25             2         7.622
       299 53.108312   8.83093        4 12.65           2.9         11.90
       300 53.108308  8.830813        4 12.43           2.1         7.870
       301 53.108292  8.830702        5 12.29             2         7.664
       302 53.108287  8.830607        5 11.36             2         6.405
       303 53.108263  8.830492        6 11.44             2         8.172
       304 53.108252  8.830377        7 11.18             2         7.819
       305  53.10826  8.830243        8  10.6             3         9.042
       306 53.108233  8.830092        9  10.9           2.9         10.57
       307 53.108223   8.82997        9 11.07             2         8.268
       308 53.108222   8.82986        9 11.65             2         7.388
       309 53.108222  8.829767        8 11.22             2         6.220
       310 53.108208   8.82966        8 10.85           2.1         7.353
       311 53.108208  8.829572        8 10.09             2         5.886
       312 53.108203  8.829485        8  9.71             2         5.870
       313  53.10821   8.82934        8  9.93           2.9         9.768
       314 53.108215  8.829252        8  9.33             2         5.937
       315 53.108222  8.829147        8  9.75           2.1         7.095
       316  53.10823  8.829048        9   9.5             2         6.709
       317 53.108225  8.828945        8 10.05             2         6.940
       318 53.108198  8.828777        8 11.28             3         11.67
       319 53.108182  8.828625        9 11.69           2.9         10.36
       320 53.108177  8.828525        9 11.43           2.1         6.739
       321 53.108183  8.828443        9 10.95             2         5.549
       322 53.108187  8.828373        9 10.15           2.2         4.724
       323 53.108192  8.828238       10  9.11           2.7         9.082
       324  53.10818  8.828123       10     9             2         7.838
       325 53.108163  8.828015       10  9.79             2         7.496
       326 53.108158  8.827918       10 10.12           2.1         6.539
       327 53.108165  8.827837        9  9.95             2         5.497
       328 53.108167  8.827745        9 10.15             2         6.183
       329 53.108172   8.82765        8  9.76             2         6.405
       330  53.10817  8.827543        8 10.65             2         7.190
       331 53.108177   8.82746        8 10.88             2         5.630
       332 53.108172  8.827358        8    11             2         6.873
       333 53.108145   8.82717        8    12           2.9         12.97
       334  53.10814  8.827067        8 12.04             2         6.940
       335 53.108147   8.82699        8 11.75           2.3         5.231
       336  53.10815  8.826872        8  10.5           2.7         7.931
       337 53.108148  8.826778        8   9.6           2.1         6.318
       338 53.108153  8.826672        8 10.02             2         7.141
       339 53.108152   8.82658        8 10.08             2         6.180
       340 53.108162  8.826485        9  9.82             2         6.477
       341  53.10816  8.826393        9   9.8             2         6.183
       342 53.108152  8.826255        9  9.99           2.9         9.309
       343 53.108135  8.826152        9 10.27           2.1         7.172
       344  53.10813  8.826065        9 10.67             2         5.870
       345 53.108133  8.825973        9 10.48             2         6.188
       346 53.108137  8.825865        9  9.41           2.9         7.267
       347 53.108128  8.825798        9  8.59             2         4.612
       348 53.108105  8.825713        9  8.23           2.1         6.257
       349 53.108087  8.825637       10  8.08             2         5.485
       350 53.108077  8.825565       10  8.33             2         4.964
       351 53.108062  8.825482       10  8.98             2         5.820
       352 53.108028  8.825397       10  9.54             2         6.850
       353 53.107997   8.82531       10  9.97             2         6.786
       354 53.107945  8.825198       10  9.87           2.9         9.490
       355  53.10791  8.825135       10  9.09             2         5.753
       356 53.107865  8.825087       10  8.49             2         5.958
       357 53.107813   8.82503       10  8.38             2         6.941
       358 53.107755  8.824972       10  9.54           2.1         7.541
       359 53.107703   8.82492       10 10.21             2         6.761
       360 53.107643   8.82488        9 10.41             2         7.200
       361 53.107585  8.824833        9 10.28             2         7.188
       362 53.107507  8.824785        8 11.06             2         9.262
       363 53.107438  8.824732        8  11.8             2         8.466
       364  53.10737  8.824688        8 12.68             2         8.126
       365 53.107313  8.824625        8 13.41             2         7.627
       366 53.107262  8.824587        7 12.96             2         6.226
       367 53.107207  8.824552        7 12.23             2         6.559
       368  53.10714  8.824523        7 11.63           2.1         7.709
       369 53.107035  8.824457        9 11.79             3         12.50
       370 53.106937  8.824372        9 12.32           2.8         12.31
       371 53.106885  8.824338        9 11.72           2.1         6.224
       372 53.106842  8.824247        9 12.23             2         7.763
       373 53.106818  8.824148        9  11.1             2         7.166
       374 53.106798  8.824063        9 11.03             2         6.128
       375 53.106765  8.823993        8 11.54             2         5.968
       376 53.106703  8.823935        8  10.3           2.9         7.925
       377 53.106655  8.823898        8 11.02             2         5.894
       378   53.1066  8.823857        7 10.82           2.1         6.714
       379 53.106545  8.823813        7  10.9             2         6.799
       380 53.106463   8.82375        6 11.46           2.9         10.06
       381 53.106415    8.8237        5 11.21             2         6.312
       382 53.106358  8.823653        5 11.69           2.1         7.088
       383 53.106282  8.823603        4 11.52             3         9.102
       384 53.106213  8.823573        4 10.88           2.9         7.941
       385 53.106148   8.82356        4 10.62           2.1         7.289
       386 53.106073  8.823575        4 10.87             2         8.410
       387 53.106002  8.823622        5 11.38             2         8.511
       388 53.105942   8.82366        5 10.56           2.9         7.151
       389 53.105898  8.823703        5  9.36             2         5.688
       390 53.105837   8.82375        5  8.89           2.1         7.489
       391 53.105768  8.823787        5  9.16             2         8.073
       392 53.105713  8.823845        6  9.54             2         7.257
       393 53.105653  8.823893        6  10.5             2         7.417
       394 53.105602  8.823918        6  10.3             2         5.922
       395 53.105553  8.823942        6 10.06             2         5.690
       396 53.105507  8.823973        5  9.89             2         5.530
       397  53.10545  8.823997        5  8.94             2         6.548
       398  53.10537  8.824057        5  8.65           2.9         9.774
       399 53.105323  8.824085        5  8.77             2         5.561
       400 53.105272  8.824113        5  9.41             2         5.982
       401 53.105212  8.824152        5   9.6           2.1         7.175
       402 53.105147  8.824183        5  9.29           2.9         7.530
       403 53.105095  8.824222        5  8.89           2.1         6.355
       404 53.105058  8.824263        4   8.1             2         4.957
       405 53.105002  8.824303        4  8.62             2         6.789
       406 53.104952  8.824348        4  8.93             2         6.335
       407 53.104862  8.824425        4 10.48           2.9         11.27
       408 53.104797  8.824462        5 11.54             2         7.651
       409 53.104722  8.824488        4 12.16           2.1         8.530
       410 53.104613  8.824537        4 12.83           2.9         12.57
       411 53.104543  8.824603        4 13.36             2         8.965
       412 53.104472   8.82465        4 13.57           2.1         8.511
       413 53.104412  8.824697        4 13.25             2         7.388
       414 53.104345  8.824738        4 12.85             2         7.951
       415 53.104282  8.824783        4 12.33             2         7.637
       416 53.104182  8.824848        4 12.12           2.9         11.96
       417 53.104123  8.824888        4 12.05             2         7.097
       418 53.104062  8.824932        4 11.83             2         7.406
       419    53.104  8.824982        4 11.71           2.1         7.676
       420 53.103925  8.825027        4 11.92             2         8.879
       421 53.103808   8.82508        4  12.6           2.9         13.50
       422 53.103742  8.825115        4 12.77           2.1         7.715
       423 53.103643  8.825187        3 13.07             3         12.03
       424 53.103543  8.825248        3 12.65             3         11.86
       425 53.103478  8.825293        3 12.62             2         7.842
       426 53.103418  8.825337        3 12.35             2         7.304
       427 53.103345  8.825428        4 11.95           2.9         10.17
       428  53.10329  8.825492        4 11.79             2         7.481
       429 53.103242  8.825555        4 11.74             2         6.817
       430 53.103177   8.82564        4 12.41           2.1         9.216
       431 53.103105  8.825717        4 13.09             2         9.538
       432 53.103048  8.825777        4  13.1             2         7.517
       433 53.102988  8.825832        5 13.32             2         7.633
       434 53.102917  8.825898        6 12.47             2         9.062
       435 53.102812  8.825952        8 11.14           3.9         12.24
       436 53.102703  8.825965        8  11.2           2.1         12.16
       437 53.102622  8.825968        8 11.15             2         9.019
       438 53.102523     8.826        7 11.63           2.9         11.23
       439 53.102452  8.826025        7  12.2           2.1         8.080
       440 53.102383  8.826065        7 12.32             2         8.138
       441  53.10229  8.826132        7 12.75           2.9         11.29
       442 53.102225   8.82618        7 13.33             2         7.922
       443 53.102167  8.826223        6 13.01           2.1         7.074
       444  53.10211  8.826252        6 12.48             2         6.639
       445 53.102008    8.8263        5 12.84           2.9         11.80
       446  53.10194   8.82634        4 12.79           2.1         8.033
       447 53.101878  8.826385        4 12.78             2         7.535
       448 53.101812  8.826422        4 12.79             2         7.757
       449 53.101755  8.826483        4  12.5             2         7.554
       450 53.101703   8.82654        4 12.43             2         6.941
       451 53.101625  8.826652        4 12.53           2.9         11.49
       452 53.101572  8.826725        4 12.58             2         7.672
       453 53.101527  8.826812        4 12.83             2         7.697
       454 53.101482  8.826892        5  12.6           2.1         7.347
       455  53.10142  8.827037        5 12.99           2.9         11.93
       456  53.10138  8.827127        5 12.84             2         7.508
       457 53.101347  8.827222        5 13.05             2         7.363
       458 53.101323   8.82732        5 12.63             2         7.104
       459 53.101282  8.827412        5 12.66           2.1         7.682
       460 53.101233  8.827497        5 12.57             2         7.896
       461 53.101178  8.827575        5 12.54             2         8.058
       462 53.101117  8.827638        5 12.85             2         8.001
       463 53.101042  8.827687        6  12.7             2         8.974
       464 53.100963  8.827713        6 12.82             2         8.966
       465 53.100885  8.827723        6 12.89             2         8.709
       466  53.10081  8.827712        7 12.76             2         8.382
       467 53.100745  8.827655        7 12.52             2         8.186
       468  53.10063  8.827583        6 12.84             3         13.68
       469 53.100562  8.827522        5 13.02             2         8.607
       470 53.100487  8.827463        5 13.68             2         9.241
       471 53.100385  8.827395        5 13.89           2.9         12.24
       472 53.100327  8.827353        5 13.82           2.1         7.047
       473 53.100262  8.827313        5 13.43             2         7.719
       474 53.100178  8.827233        5 12.67             3         10.78
       475 53.100068   8.82718        6 13.48           2.9         12.75
       476 53.100012   8.82718        6 13.11             2         6.218
       477  53.09995  8.827235        7 13.29           2.1         7.829
       478   53.0999  8.827308        7  12.8             2         7.418
       479 53.099838  8.827405        6 11.55           2.9         9.491
       480 53.099797  8.827457        4 10.81           2.1         5.749
       481 53.099747  8.827517        4 10.35             2         6.873
       482 53.099685  8.827565        4  10.4             2         7.618
       483 53.099622   8.82752        4 10.85             2         7.637
       484 53.099547   8.82747        4 12.07             2         8.999
       485 53.099488  8.827398        4 12.82             2         8.156
       486 53.099422   8.82733        4 13.87             2         8.651
       487 53.099363  8.827257        5 14.13             2         8.196
       488 53.099302  8.827173        5 14.36             2         8.828
       489 53.099245  8.827092        4 14.53             2         8.358
       490 53.099155  8.826988        2 14.46             3         12.21
       491 53.099097  8.826937        2 14.56             2         7.310
       492  53.09904  8.826888        2 14.14             2         7.149
       493 53.098935  8.826815        2 13.94           2.9         12.67
       494 53.098875   8.82677        2  13.9             2         7.332
       495 53.098795  8.826705        2 14.31             2         9.917
       496 53.098725  8.826643        2 14.11           2.1         8.835
       497 53.098653  8.826592        2 14.08             2         8.716
       498 53.098587   8.82655        2 13.96             2         7.871
       499  53.09851  8.826502        2 14.31             2         9.158
       500 53.098402  8.826448        2 14.24             3         12.56
       501 53.098338   8.82643        2 13.69             2         7.227
       502 53.098275   8.82641        2 13.82             2         7.142
       503  53.09821   8.82639        2 13.18             2         7.360
       504 53.098108  8.826367        2 13.35             3         11.46
       505 53.098012  8.826355        3 12.96             3         10.72
       506 53.097957  8.826338        4 12.26             2         6.230
       507 53.097892  8.826318        5 11.95             2         7.360
       508 53.097817  8.826285        5 12.22             2         8.638
       509 53.097727  8.826263        5 12.57             2         10.13
       510 53.097657   8.82625        5 12.93             2         7.842
       511 53.097553   8.82621        5 12.34           2.9         11.88
       512 53.097485  8.826177        6 12.01             2         7.888
       513 53.097432  8.826135        7 11.73           2.1         6.541
       514 53.097382  8.826102        8  11.6             2         5.993
       515 53.097292  8.826033        7 11.88           2.9         11.04
       516 53.097235  8.825993        6 11.88             2         6.892
       517 53.097182  8.825968        6  11.7             2         6.136
       518 53.097127  8.825933        6 11.78             2         6.560
       519 53.097063  8.825892        6 11.66             2         7.639
       520 53.097017  8.825847        6  11.3           2.1         5.948
       521 53.096968  8.825793        7 11.63             2         6.552
       522 53.096917  8.825745        7 11.35             2         6.530
       523  53.09684  8.825675        8 10.82           2.9         9.776
       524 53.096783   8.82564        8 10.96           2.1         6.768
       525 53.096728  8.825593        7 11.23             2         6.890
       526 53.096652    8.8255        7 11.94           2.9         10.52
       527  53.09661  8.825442        7 11.98           2.1         6.087
       528 53.096563  8.825385        7 11.96             2         6.485
       529  53.09649  8.825292        8 11.69             3         10.25
       530 53.096435   8.82523        9 11.17             2         7.405
       531 53.096363  8.825127       10 11.28             3         10.59
       532 53.096318  8.825053       10 11.26             2         7.058
       533 53.096267   8.82497       11 11.64             2         7.957
       534  53.09623  8.824897       11 11.73             2         6.405
       535 53.096185  8.824802       11 10.59             3         8.113
       536  53.09615  8.824733       11 10.31             2         6.056
       537 53.096122  8.824638       10  10.1             2         7.103
       538 53.096095  8.824557       10 10.45             2         6.217
       539 53.096082  8.824497       10  9.99             2         4.285
       540 53.096055  8.824442        9  9.41           2.3         4.765
       541 53.096018  8.824382        9   8.8             2         5.764
       542 53.095955   8.82424       10   8.1           3.6         11.84
       543 53.095927   8.82415       10  8.61             2         6.803
       544 53.095892  8.824065       10  8.68             2         6.913
       545 53.095838  8.823975       10 10.04             2         8.525
       546 53.095785  8.823895        9 10.96             2         7.981
       547 53.095747  8.823822        9 10.82             2         6.477
       548 53.095703   8.82374        9 11.37           2.1         7.372
       549 53.095655    8.8237        9 10.72             2         5.982
       550 53.095612  8.823642        8 10.21             2         6.173
       551 53.095558  8.823577        7 10.69             2         7.430
       552 53.095517  8.823502        6 10.76             2         6.799
       553 53.095478  8.823425        4 10.98             2         6.754
       554 53.095418  8.823387        4 11.53             2         7.151
       555 53.095373  8.823337        3 11.16             2         6.033
       556 53.095323  8.823305        3 10.79             2         5.968
       557  53.09527  8.823268        3 10.34             2         6.403
       558  53.09523   8.82323        3  9.46             2         5.135
       559 53.095217  8.823113        3 10.11             2         7.992
       560  53.09523     8.823        4 10.28             2         7.728
       561 53.095258  8.822908        4 10.66             2         6.922
       562 53.095273  8.822805        4 11.34             2         7.118
       563 53.095288  8.822712        4 10.93             2         6.468
       564 53.095303  8.822622        4 10.88             2         6.273
       565 53.095317  8.822483        5  10.5           2.9         9.466
       566 53.095298  8.822417        5  9.88             2         4.914
       567 53.095262   8.82236        6  9.73           2.1         5.544
       568 53.095218   8.82229        5  9.79             2         6.791
       569  53.09518  8.822207        5 10.28             2         6.999
       570 53.095182  8.822112        5 10.43             2         6.387
       571 53.095232  8.822007        4 10.12           2.9         8.985
       572 53.095273  8.821937        4 10.03           2.1         6.554
       573 53.095323  8.821858        4 10.38             2         7.691
       574 53.095363   8.82179        5 11.16             2         6.380
       575 53.095395  8.821713        5 11.46             2         6.282
       576 53.095455  8.821705        5 11.61             2         6.702
       577 53.095517  8.821757        4 11.29             2         7.736
       578 53.095575  8.821817        4 11.18             2         7.612
       579 53.095665  8.821902        3 11.88             3         11.53
       580 53.095743  8.821965        2  12.1           2.9         9.659
       581 53.095797  8.822018        2 12.18           2.1         6.987
       582 53.095838   8.82208        2 11.55           2.2         6.180
       583 53.095905  8.822135        2 10.99           2.9         8.323
       584  53.09598  8.822175        3 10.21           2.8         8.771
       585 53.096023  8.822202        3 10.26           2.2         5.121
       586 53.096102   8.82226        5  10.5           2.9         9.618
       587  53.09615  8.822307        6 10.75             2         6.208
       588 53.096198  8.822363        5  10.7             2         6.536
       589 53.096258  8.822428        4 11.23             2         7.980
       590 53.096337  8.822517        2  11.7           2.9         10.63
       591  53.09639  8.822582        2 11.87           2.1         7.341
       592 53.096427   8.82266        2 11.76             2         6.666
       593 53.096505  8.822757        3 11.94           2.9         10.85
       594 53.096555  8.822808        3 11.97             2         6.537
       595 53.096592  8.822863        3  11.7           2.1         5.535
       596  53.09664  8.822902        3  11.4             2         5.953
       597 53.096705   8.82297        3 10.26           2.9         8.557
       598 53.096753  8.823007        3  10.4           2.1         5.895
       599 53.096805  8.823047        3 10.69             2         6.383
       600 53.096895  8.823087        3 11.31           2.9         10.37
       601 53.096942  8.823123        3 11.41             2         5.765
       602 53.096987  8.823145        3 10.77           2.1         5.225
       603 53.097045   8.82318        2 10.87             2         6.872
       604 53.097102  8.823222        2 10.86             2         6.945
       605  53.09716  8.823247        2 11.16             2         6.673
       606  53.09724  8.823303        2 11.65             3         9.667
       607 53.097327  8.823347        2 11.61           2.9         10.12
       608 53.097385   8.82339        2 11.85           2.1         7.074
       609 53.097458   8.82345        2 11.39           2.9         9.071
       610 53.097505  8.823485        2 10.89             2         5.738
       611 53.097575   8.82351        2 11.08             2         7.972
       612 53.097637  8.823557        2 11.45           2.1         7.590
       613 53.097688    8.8236        2 11.79             2         6.371
       614 53.097738  8.823635        2 11.69             2         6.044
       615 53.097805  8.823705        2 10.82           2.9         8.817
       616 53.097857  8.823758        2 10.78             2         6.797
       617 53.097895  8.823832        2 10.86           2.1         6.528
       618 53.097933   8.82391        2  11.3             2         6.735
       619 53.097967  8.823998        1 11.91             2         7.020
       620 53.097995  8.824088        1 11.96             2         6.802
       621 53.098022  8.824178        1 12.07             2         6.752
       622 53.098062  8.824287        1 12.82             2         8.569
       623 53.098095    8.8244        2 13.46             2         8.432
       624 53.098142  8.824572        2  14.7             3         12.68
       625   53.0982  8.824713        3 14.57             3         11.46
       626 53.098242   8.82481        3 14.34           2.1         8.020
       627 53.098307  8.824932        3 13.87           2.9         10.93
       628 53.098382   8.82504        3 13.46             3         11.06
       629 53.098438    8.8251        3 13.39             2         7.424
       630 53.098518  8.825187        3 13.03           2.9         10.65
       631 53.098583  8.825247        3 13.09           2.1         8.283
       632 53.098642  8.825297        3 13.29             2         7.377
       633 53.098705  8.825353        3 13.37             2         7.959
       634  53.09877  8.825417        3 13.89             2         8.417
       635  53.09883  8.825475        3 13.94             2         7.733
       636 53.098918  8.825558        2 13.78             3         11.27
       637 53.098985  8.825615        2  13.7             2         8.384
       638 53.099048  8.825667        2 13.63             2         7.835
       639  53.09911  8.825722        2  13.7             2         7.829
       640 53.099203  8.825797        2 13.71             3         11.51
       641 53.099297  8.825877        2 13.74           2.9         11.76
       642 53.099358  8.825938        2 14.03             2         7.931
       643  53.09942  8.825988        2 13.77             2         7.676
       644 53.099482  8.826052        2 13.65             2         8.131
       645 53.099537  8.826098        2 13.04           2.1         6.859
       646 53.099638  8.826167        2    13             3         12.16
       647 53.099703  8.826175        2  12.4             2         7.257
       648 53.099752  8.826098        2 13.12             2         7.517
       649 53.099777  8.825902        1 13.89             3         13.45
       650 53.099802  8.825782        1 14.09             2         8.527
       651 53.099818  8.825655        1 14.55             2         8.714
       652 53.099848   8.82554        1 14.29             2         8.415
       653 53.099878   8.82543        1 14.34             2         8.108
       654 53.099915  8.825323        1  14.4           2.1         8.283
       655 53.099963  8.825167        2 14.35           2.8         11.76
       656 53.099997  8.825057        1 14.51             2         8.301
       657 53.100032  8.824945        1 14.54             2         8.472
       658  53.10007  8.824838        1 14.83           2.1         8.339
       659 53.100105  8.824742        1 14.58             2         7.534
       660 53.100137  8.824628        1 14.68             2         8.445
       661 53.100172  8.824518        1 14.54             2         8.353
       662 53.100205   8.82442        1 14.08             2         7.539
       663 53.100257  8.824282        2 13.48           2.9         10.93
       664  53.10028  8.824168        2 13.04           2.1         8.074
       665 53.100327   8.82401        2 12.97           2.9         11.83
       666 53.100352  8.823893        3 13.33             2         8.337
       667 53.100393  8.823782        3 13.98           2.1         8.741
       668 53.100418  8.823665        3 14.04             2         8.337
       669 53.100465  8.823513        2 14.02           2.9         11.47
       670 53.100493  8.823405        2 14.15             2         7.895
       671 53.100523  8.823295        2 13.76           2.1         8.108
       672 53.100562  8.823185        2 14.12             2         8.569
       673 53.100592  8.823075        2 14.29             2         8.108
       674 53.100632  8.822892        2 14.57             3         13.07
       675 53.100668  8.822713        2  14.4             3         12.67
       676 53.100702  8.822608        2 14.34             2         8.004
       677 53.100732  8.822428        2 14.34           2.9         12.54
       678 53.100755   8.82231        2 14.45             2         8.329
       679 53.100773  8.822198        2 14.63             2         7.785
       680 53.100805  8.822097        2 14.52             2         7.663
       681 53.100835  8.821998        3 13.87           2.1         7.441
       682 53.100872  8.821882        3 14.21             2         8.813
       683 53.100907  8.821772        2 14.47             2         8.353
       684 53.100952   8.82162        2 14.34             3         11.37
       685 53.100985  8.821513        2  14.5             2         8.071
       686 53.101018  8.821402        2 14.42             2         8.311
       687 53.101055    8.8213        1 14.51             2         7.994
       688 53.101087  8.821185        1 14.81           2.2         8.506
       689 53.101147  8.821052        1 14.12           2.8         11.15
       690 53.101177  8.820947        2 13.77             2         7.803
       691 53.101208  8.820845        2  13.1             2         7.671
       692 53.101238  8.820747        2 12.91             2         7.381
       693 53.101278  8.820583        2 12.99           2.9         11.88
       694 53.101303   8.82047        2 13.14             2         8.084
       695 53.101332  8.820355        2 13.61             2         8.371
       696 53.101368  8.820252        2 13.92           2.1         7.995
       697   53.1014  8.820147        1 14.25             2         7.901
       698 53.101448   8.81998        1  14.3           2.9         12.42
       699 53.101477  8.819862        1 14.53           2.1         8.558
       700 53.101512   8.81975        1 14.81             2         8.471
       701 53.101542  8.819638        1 15.28             2         8.230
       702 53.101562  8.819517        1 15.28             2         8.426
       703 53.101588  8.819407        1 15.12             2         7.935
       704 53.101632  8.819322        1  14.5             2         7.523
       705 53.101705  8.819183        0 14.24           2.9         12.37
       706 53.101743  8.819083        0 13.67             2         7.938
       707 53.101773  8.818972        0 13.64           2.1         8.169
       708 53.101802  8.818787        0 14.22             3         12.84
       709  53.10184  8.818682        0 14.51             2         8.224
       710  53.10189  8.818535        0 14.32           2.9         11.33
       711 53.101925  8.818445        0  13.8             2         7.192
       712 53.101965   8.81835        1 13.35             2         7.781
       713 53.102005  8.818243        1 13.18             2         8.454
       714 53.102037  8.818128        1 13.39             2         8.506
       715 53.102068  8.818023        1 13.51           2.4         7.852
       716   53.1021  8.817918        1 13.75             2         7.901
       717 53.102145  8.817765        1 13.26           2.7         11.43
       718 53.102178  8.817607        1    13             3         11.23
       719 53.102175  8.817445        1 12.75             3         10.88
       720 53.102155  8.817343        1 12.47             2         7.204
       721 53.102147  8.817255        1 11.84             2         5.978
       722 53.102155  8.817158        1 11.58             2         6.576
       723 53.102183  8.817027        1 10.48           2.9         9.334
       724 53.102193   8.81693        1 10.39             2         6.610
       725 53.102202  8.816818        1 11.09             2         7.589
       726 53.102215  8.816723        2    11             2         6.544
       727 53.102243  8.816628        2 11.79           2.1         7.102
       728 53.102248  8.816512        2  10.8             3         7.811
       729 53.102207  8.816462        1 10.79             2         5.668
       730 53.102158  8.816422        1 10.53             2         6.082
       731 53.102107  8.816377        1 10.63             2         6.433
       732  53.10206  8.816307        1 11.42             2         7.035
       733 53.102032  8.816218        1 11.48             2         6.742
       734 53.102028  8.816108        1 11.93             2         7.402
       735 53.102042  8.815992        1 12.39             2         7.946
       736 53.102058  8.815892        1 12.62             2         6.949
       737 53.102092  8.815738        1 13.11           2.9         11.01
       738 53.102112  8.815645        2 12.88             2         6.632
       739 53.102128  8.815548        2 12.65           2.1         6.755
       740 53.102142  8.815445        3 12.76             2         7.092
       741  53.10218  8.815318        3 12.42           2.9         9.520
       742 53.102203  8.815243        3 11.93             2         5.652
       743 53.102222  8.815168        3 11.11           2.1         5.465
       744 53.102227  8.815165        3  2.68           6.9        0.5966
       745 53.102235  8.815182        1  0.73           7.1         1.452
       746 53.102247  8.815175        0  0.93           3.9         1.420
       747 53.102247   8.81512        0  1.98             2         3.681
       748 53.102233   8.81501        0  5.41             2         7.551
       749 53.102227  8.814907        0  8.48           2.1         6.951
       750 53.102243  8.814808        0  9.98             2         6.884
       751 53.102267   8.81471        0  12.1             2         7.104
       752  53.10229  8.814618        0 12.13             2         6.689
       753 53.102295   8.81451        0 12.12             2         7.276
       754 53.102288  8.814387        1  12.6             2         8.298
       755 53.102295  8.814277        2 12.57             2         7.429
       756 53.102305  8.814178        2 12.48             2         6.743
       757   53.1023  8.814023        3 12.61             3         10.42
       758  53.10229  8.813928        3 12.45             2         6.478
       759 53.102267  8.813833        3 12.31             2         6.876
       760 53.102228  8.813693        3 12.52             3         10.36
       761 53.102198  8.813602        3 12.41             2         6.966
       762 53.102152  8.813477        3 12.22             3         9.833
       763  53.10212  8.813393        3 12.08             2         6.673
       764 53.102085  8.813315        3 11.62             2         6.530
       765 53.102055  8.813242        3 11.26             2         5.934
       766  53.10203   8.81317        3 10.83           2.2         5.581
       767 53.101983  8.813057        3 10.46           2.7         9.218
       768  53.10195   8.81298        3 10.35           2.3         6.345
       769 53.101907  8.812867        3 10.74           2.7         8.973
       770 53.101872  8.812782        3 11.39             2         6.913
       771 53.101835  8.812703        2 11.66           2.1         6.718
       772 53.101802  8.812627        2 11.83           2.1         6.290
       773 53.101757  8.812507        1 11.68           2.9         9.489
       774 53.101698  8.812402        1 11.32             3         9.636
       775 53.101637  8.812293        2 11.68           2.9         9.984
       776   53.1016  8.812213        2 11.66             2         6.771
       777 53.101558   8.81214        2 11.87           2.1         6.776
       778 53.101525  8.812057        2 11.85             2         6.677
       779 53.101492  8.811985        2 11.56             2         6.074
       780 53.101488  8.811895        2 11.08             2         6.063
       781 53.101465   8.81182        1  10.7             2         5.652
       782 53.101428  8.811745        1 10.65             2         6.508
       783 53.101363   8.81164        1  10.9           2.9         10.10
       784 53.101333  8.811565        1 11.27             2         6.045
       785 53.101353  8.811483        1 10.93           2.1         5.942
       786 53.101388  8.811417        1 10.82             2         5.903
       787 53.101428   8.81135        1 10.96             2         6.332
       788  53.10147  8.811262        1 11.22             2         7.537
       789 53.101508  8.811197        2 11.22             2         6.080
       790 53.101593  8.811112        2 11.69             3         11.05
       791 53.101647  8.811058        3 11.44             2         7.022
       792  53.10168  8.811003        4 10.69             2         5.212
       793 53.101725  8.810948        4 10.99             2         6.225
       794   53.1018  8.810873        4 10.35           2.9         9.750
       795 53.101852  8.810805        4 11.12             2         7.374
       796   53.1019  8.810732        4  11.8           2.1         7.253
       797 53.101953  8.810695        4 11.58             2         6.403
       798 53.102037  8.810703        4 11.47             3         9.366
       799 53.102128  8.810668        4  10.9             3         10.40
       800  53.10218  8.810647        4 10.37             2         5.960
       801 53.102268  8.810728        4 10.62             3         11.20
       802 53.102287  8.810838        4 10.52             2         7.685
       803 53.102337  8.810975        5  11.5           2.9         10.75
       804 53.102357  8.811082        5  11.8           2.1         7.524
       805 53.102367   8.81117        5 11.62             2         6.016
       806  53.10237   8.81126        5 11.41           2.1         6.055
       807  53.10239  8.811398        4  11.3           2.8         9.531
       808  53.10239  8.811432        4  10.5           1.9         2.278
