Serial No.  Latitude Longitude Altitude Speed Interval time Interval Dist
         1  53.10277  8.825938       13  4.98             0             0
         2 53.102888  8.825885       13 10.57           3.8         13.61
         3  53.10297  8.825855       13 11.91             2         9.348
         4 53.103075  8.825787       13 13.05             2         12.55
         5 53.103143  8.825695       13 13.06             2         9.771
         6 53.103203  8.825618       14 13.85             2         8.447
         7 53.103262  8.825545       15 13.77             2         8.196
         8 53.103338  8.825478       16 13.45           2.1         9.582
         9 53.103397  8.825402       16 13.59             2         8.318
        10 53.103503  8.825317       16 13.78             3         13.11
        11  53.10359  8.825263       16 13.23           2.9         10.34
        12 53.103643  8.825213       17 12.21             2         6.790
        13 53.103723   8.82518       17    12             2         9.177
        14 53.103785   8.82515       17 11.33             2         7.191
        15 53.103852  8.825217       17  11.1             2         8.711
        16 53.103907  8.825308       17 11.53             2         8.651
        17 53.103892   8.82545       17 12.04             2         9.681
        18 53.103855  8.825557       18 12.27             2         8.283
        19  53.10382  8.825607       18 11.55           2.1         5.146
        20 53.103693  8.825677       16  10.1           2.9         14.90
        21 53.103613  8.825722       14  9.78             2         9.404
        22  53.10355  8.825767       13 10.42           2.1         7.637
        23 53.103462   8.82583       13 11.14           2.9         10.67
        24 53.103377  8.825885       12 11.43             2         10.16
        25  53.10332   8.82592       11 11.27             2         6.768
        26 53.103278   8.82599       10 10.59           2.1         6.631
        27 53.103212  8.826135       10 10.98             3         12.20
        28 53.103178  8.826282        9 11.04           2.9         10.57
        29  53.10317  8.826373        9 12.01           2.1         6.178
        30 53.103177  8.826468        9 11.93             2         6.429
        31 53.103183  8.826588        9 11.12           2.9         8.087
        32 53.103168  8.826698       10 11.27             2         7.575
        33 53.103163  8.826805       10 11.28             2         7.208
        34 53.103135  8.826927       11 11.67             2         8.766
        35 53.103125  8.827015       10 11.77             2         6.016
        36 53.103113  8.827118        9 12.17             2         7.046
        37 53.103105   8.82721        9 11.96             2         6.244
        38 53.103088  8.827305        9 11.66             2         6.656
        39 53.103065  8.827397        9 11.87           2.1         6.689
        40 53.103048  8.827565        9 11.53             3         11.44
        41 53.103025   8.82776        9 11.82           2.9         13.34
        42 53.103008  8.827873        8 12.26             2         7.822
        43 53.102987  8.827992        7 12.43             2         8.327
        44 53.102968  8.828092        7 11.95             2         7.042
        45 53.102957  8.828202        6 12.17             2         7.489
        46 53.102952  8.828305        5 12.15           2.1         6.941
        47 53.102917  8.828458        4 12.56             3         10.99
        48 53.102903  8.828552        3 12.56             2         6.504
        49 53.102893  8.828647        2 12.36             2         6.478
        50 53.102892  8.828738        2 11.71           2.1         6.114
        51 53.102883  8.828877        2 10.86           2.8         9.388
        52 53.102867   8.82898        2 11.09           2.1         7.144
        53 53.102852  8.829127        1 11.15           2.9         10.01
        54 53.102852  8.829228        1 11.73             2         6.756
        55 53.102837  8.829345        1 12.05           2.1         8.034
        56 53.102822  8.829465        1 12.24             2         8.231
        57 53.102808  8.829622        0 12.33           2.9         10.66
        58 53.102792  8.829717        0 11.96             2         6.625
        59 53.102788   8.82982        0 12.01             2         6.933
        60 53.102785  8.829922        0 11.92             2         6.860
        61 53.102773  8.830025        0 11.95           2.1         7.046
        62 53.102753  8.830125        0 12.08             2         7.076
        63 53.102718   8.83027        0 12.14             3         10.49
        64 53.102678  8.830478       -1 12.58           3.9         14.66
        65 53.102672  8.830587       -2 12.58             2         7.352
        66 53.102668  8.830692       -2 12.76           2.1         7.067
        67  53.10268  8.830823       -1 12.21             2         8.899
        68 53.102673  8.830938       -1 11.82             2         7.763
        69 53.102662  8.831098       -1 11.82             3         10.81
        70 53.102657  8.831217        0 11.85             2         8.012
        71 53.102637   8.83139        0 12.68           2.9         11.83
        72  53.10263  8.831497        0 13.08             2         7.229
        73 53.102612  8.831605        1 12.95           2.1         7.526
        74 53.102602  8.831715        1  12.9             2         7.472
        75 53.102588   8.83188        1 12.52             3         11.19
        76 53.102583  8.831992        1 12.78             2         7.543
        77 53.102578  8.832108        1 12.97             2         7.811
        78 53.102563  8.832287        2 13.71           2.9         12.14
        79 53.102557  8.832395        3 13.37             2         7.285
        80 53.102558  8.832495        3 12.93             2         6.718
        81 53.102548    8.8326        4 12.65             2         7.140
        82 53.102543  8.832697        5    12             2         6.540
        83 53.102515    8.8328        4  12.2           2.1         7.588
        84 53.102493  8.832905        4 12.59             2         7.466
        85 53.102492  8.833012        3 12.38             2         7.188
        86 53.102477  8.833177        3 12.37           2.9         11.21
        87 53.102483  8.833268        3 12.31             2         6.149
        88 53.102492  8.833382        3 12.31           2.1         7.722
        89 53.102488  8.833492        4 12.62             2         7.402
        90 53.102452  8.833672        4 12.82           2.9         12.73
        91 53.102452  8.833768        5 12.01             2         6.421
        92 53.102437   8.83387        5 11.89             2         7.052
        93 53.102435   8.83398        5 11.76             2         7.392
        94 53.102433  8.834088        5 11.56             2         7.258
        95 53.102415  8.834192        5 12.02           2.1         7.267
        96 53.102403   8.83429        5 11.79             2         6.717
        97 53.102393  8.834423        6 11.87             2         9.001
        98  53.10237   8.83459        6 11.49             3         11.50
        99 53.102358   8.83469        7 11.82             2         6.849
       100  53.10233  8.834862        8 12.23           2.9         11.96
       101 53.102323  8.834973        8 12.54             2         7.496
       102 53.102308  8.835088        8 12.75             2         7.902
       103 53.102293  8.835202        8 12.63             2         7.837
       104 53.102258  8.835323        8 13.04             2         9.012
       105 53.102237  8.835437        7 12.86             2         8.006
       106 53.102213   8.83554        6 12.89           2.1         7.416
       107 53.102193  8.835712        4 12.09           2.9         11.76
       108 53.102172   8.83584        3 11.73             2         8.909
       109 53.102155  8.835955        2 12.24             2         7.952
       110 53.102135  8.836123        1 12.25             3         11.50
       111  53.10214   8.83623        0 12.66             2         7.209
       112 53.102127   8.83633        0 12.63             2         6.871
       113 53.102113  8.836448        0  12.8             2         8.077
       114 53.102113  8.836562       -1 12.77             2         7.625
       115 53.102098  8.836667       -1 13.08           2.1         7.248
       116 53.102092  8.836763        0 12.88             2         6.483
       117 53.102078  8.836923       -2 12.57           2.9         10.86
       118 53.102075   8.83703       -2 12.44             2         7.195
       119 53.102072  8.837135       -3 12.51             2         7.061
       120 53.102063  8.837247       -3  12.7             2         7.589
       121 53.102067   8.83734       -2 12.01             2         6.263
       122 53.102098  8.837422       -2 11.63             2         6.500
       123 53.102162   8.83747       -1 11.24             2         7.820
       124 53.102222  8.837498       -1 10.86             2         6.940
       125 53.102272  8.837532        0 11.04             2         6.018
       126 53.102343  8.837558        0 11.56             2         8.095
       127 53.102448  8.837618        0 12.06           2.1         12.36
       128 53.102537  8.837668        0  12.8             2         10.46
       129 53.102625  8.837758        1 13.05           2.9         11.51
       130 53.102678  8.837797        2 12.21             2         6.457
       131 53.102685  8.837817        3  9.52           2.1         1.557
       132 53.102683  8.837835        4  6.88             2         1.234
       133 53.102693  8.837907        5   3.6           3.9         4.964
       134 53.102683  8.837945        4  3.65           2.1         2.788
       135 53.102687  8.837988        3  3.64             2         2.925
       136 53.102658  8.838045        0  3.41           2.9         5.010
       137 53.102665   8.83807       -1  0.27            10         1.855
       138 53.102665   8.83809        0  0.33          17.1         1.342
       139  53.10266   8.83811       -1  0.37           7.9         1.458
       140 53.102663  8.838088        0  0.52          10.1         1.519
       141 53.103887   8.83833        0  0.16          10.8           137
       142 53.103613  8.838247      -12  0.92           3.6         30.99
       143  53.10344  8.838225      -25  1.33             2         19.31
       144 53.103412  8.838188      -15  1.71             3         3.989
       145  53.10334  8.838167      -10  1.44             2         8.138
       146 53.103302  8.838135       -8  1.74           2.3         4.747
       147 53.103252  8.838075       -4  3.41           2.8         6.873
       148 53.103107  8.838005       -2  5.49           2.8         16.81
       149 53.103018  8.837952        0     7             2         10.53
       150 53.102937  8.837897        1  7.67           2.1         9.744
       151 53.102848  8.837835        3  8.05             3         10.75
       152  53.10278  8.837793        6  8.12             2         8.079
       153 53.102678  8.837735        7   8.6             2         12.00
       154 53.102602  8.837672        8  8.74             2         9.459
       155 53.102562   8.83761        8  8.89             2         6.098
       156 53.102525  8.837525        9   9.1             2         7.040
       157 53.102493  8.837407        9 10.09             2         8.689
       158 53.102475  8.837257        9 11.39             2         10.27
       159 53.102443  8.837058       10 12.45           2.9         13.83
       160 53.102397   8.83693       11 12.43           2.1         10.01
       161   53.1024  8.836763       11  11.8           2.9         11.22
       162  53.10242  8.836653       10 11.91           2.1         7.716
       163 53.102448  8.836542        9 12.49             2         8.081
       164 53.102465  8.836418        9 13.06             2         8.540
       165 53.102485  8.836322        9 12.75             2         6.822
       166   53.1025  8.836227        9 12.74             2         6.596
       167 53.102507  8.836125        9 12.03             2         6.896
       168  53.10252  8.835988        9 10.96             3         9.314
       169 53.102513  8.835872        9 11.06             2         7.830
       170 53.102512  8.835762        9    11             2         7.389
       171  53.10251  8.835678        9 11.07             2         5.648
       172 53.102525  8.835583        9 10.98             2         6.596
       173 53.102548  8.835402       10 11.29             3         12.42
       174 53.102538  8.835255       10 11.31             2         9.934
       175 53.102492  8.835143       11 11.29             2         9.099
       176  53.10247  8.835015       13 11.51             2         8.938
       177 53.102453   8.83486       14 11.53             2         10.58
       178  53.10246  8.834742       16 11.02             2         7.964
       179 53.102457  8.834572       17 11.74           2.9         11.42
       180 53.102477  8.834468       18  11.4           2.1         7.332
       181   53.1025  8.834358       19 11.27             2         7.819
       182 53.102502  8.834243       19 11.93             2         7.727
       183 53.102513  8.834135       18 11.61             2         7.357
       184 53.102527  8.834032       17 11.61             2         7.092
       185 53.102513  8.833863       17 11.64             3         11.46
       186 53.102503  8.833683       16 11.61             3         12.14
       187 53.102497  8.833565       16  12.3             2         7.953
       188 53.102542  8.833462       16 12.82             2         8.541
       189 53.102565  8.833355       16 13.54             2         7.629
       190 53.102585   8.83323       16 13.63             2         8.685
       191 53.102612  8.833118       16 13.28             2         8.101
       192 53.102605  8.833015       17 13.02             2         6.962
       193 53.102605  8.832907       17 12.61             2         7.223
       194 53.102613  8.832798       17  13.1             2         7.375
       195   53.1026  8.832692       18 13.23             2         7.265
       196 53.102608  8.832613       18  12.4           2.2         5.382
       197 53.102638   8.83246       17 12.36           2.8         10.80
       198 53.102652  8.832335       16 12.13             2         8.539
       199 53.102645  8.832222       15 12.44             2         7.630
       200 53.102645  8.832117       15 13.01             2         7.023
       201 53.102663  8.831965       15 12.66             3         10.40
       202 53.102672   8.83185       15 12.74             2         7.789
       203 53.102678  8.831743       15 13.07             2         7.218
       204  53.10268  8.831662       15 12.26             2         5.446
       205 53.102697  8.831505       15 11.55             3         10.71
       206 53.102712  8.831417       14 10.72             2         6.143
       207 53.102715  8.831262       14 10.56             3         10.41
       208 53.102732   8.83115       15 10.93             2         7.757
       209 53.102743  8.831022       15 11.58             2         8.683
       210 53.102752   8.83091       16 11.79             2         7.589
       211 53.102755   8.83082       16 11.58             2         6.055
       212 53.102752  8.830728       16 11.59             2         6.189
       213 53.102747  8.830522       17 11.87           2.9         13.84
       214 53.102752  8.830397       17 12.34           2.1         8.414
       215 53.102755  8.830285       17 12.14             2         7.530
       216 53.102813  8.830127       17  11.6             3         12.42
       217 53.102827  8.830032       17 11.34             2         6.569
       218 53.102838   8.82991       17 11.57             2         8.285
       219 53.102865  8.829795       17 12.19             2         8.288
       220 53.102885  8.829688       17 12.35             2         7.524
       221 53.102898  8.829577       17  12.9             2         7.595
       222 53.102892  8.829467       16 12.87             2         7.418
       223 53.102927  8.829363       16 12.62             2         7.998
       224 53.102942  8.829263       16 12.65             2         6.921
       225 53.102947   8.82915       17 12.29             2         7.610
       226  53.10294  8.829043       17 11.99             2         7.229
       227 53.102987  8.828935       18 12.32             2         8.943
       228 53.103078  8.828782       18 12.14           2.9         14.43
       229  53.10313  8.828682       18 12.75           2.1         8.866
       230 53.103178  8.828565       18 13.32             2         9.502
       231  53.10321  8.828448       18 12.87             2         8.627
       232 53.103223   8.82834       18 13.25             2         7.397
       233 53.103245  8.828222       19  13.1             2         8.295
       234 53.103252  8.828088       20 12.51           2.6         9.033
       235 53.103268  8.828007       20 12.03             2         5.726
       236 53.103265  8.827922       21 11.34             2         5.720
       237 53.103243  8.827805       20 10.95             2         8.231
       238 53.103287  8.827657       20 11.16             3         11.08
       239 53.103323  8.827545       19 11.99             2         8.523
       240 53.103355  8.827435       19 12.25           2.1         8.202
       241  53.10339  8.827265       18 12.31           2.9         12.06
       242 53.103408   8.82715       18 12.22             2         7.979
       243 53.103427  8.827033       19 11.86             2         8.138
       244 53.103435  8.826935       19 11.58             2         6.643
       245  53.10344  8.826825       20 11.22             2         7.409
       246 53.103442  8.826713       21 11.18             2         7.526
       247 53.103455  8.826582       21 11.54             2         8.916
       248 53.103465  8.826462       21 12.19             2         8.136
       249 53.103478  8.826328       21 12.78             2         9.115
       250 53.103498   8.82621       21 13.39             2         8.232
       251 53.103527  8.826102       21 13.27             2         7.940
       252 53.103548  8.825992       21 13.32             2         7.749
       253 53.103585  8.825907       21 13.18           2.1         7.040
       254 53.103603  8.825788       20 12.64           2.9         8.240
       255 53.103652   8.82573       19 12.48             2         6.704
       256 53.103717  8.825667       19 12.32             2         8.382
       257 53.103775  8.825612       19  12.2             2         7.439
       258 53.103817  8.825545       19  12.4             2         6.490
       259 53.103857  8.825482       19 12.58             2         6.144
       260 53.103903   8.82541       19 12.27             2         7.044
       261 53.103953  8.825325       19 12.86             2         7.973
       262 53.103948  8.825213       18 12.72             2         7.543
       263  53.10395  8.825092       18 13.06             2         8.130
       264 53.103977  8.825002       17 12.62           2.1         6.751
       265 53.104047  8.824885       16 13.13           2.8         11.06
       266 53.104128  8.824818       16 14.02           2.1         10.08
       267 53.104197  8.824773       17 14.03             2         8.254
       268 53.104272  8.824728       18 14.32             2         8.879
       269 53.104338  8.824682       18 13.88             2         7.971
       270  53.10441  8.824642       18 13.55             2         8.453
       271 53.104487  8.824608       18 13.39             2         8.870
       272 53.104565  8.824552       18 14.08             2         9.462
       273 53.104633  8.824497       18 14.17             2         8.423
       274 53.104703  8.824445       18 14.04             2         8.539
       275 53.104767    8.8244       17 14.14             2         7.739
       276 53.104837  8.824358       16 13.77             2         8.287
       277 53.104915  8.824327       16  13.2             2         8.929
       278 53.104985  8.824273       16 13.33             2         8.595
       279 53.105048  8.824208       16 13.67             2         8.261
       280 53.105117  8.824152       16 14.38             2         8.552
       281 53.105192  8.824103       17 15.65             2         8.974
       282  53.10527  8.824045       17 16.07             2         9.516
       283 53.105343  8.823998       17 15.77             2         8.718
       284 53.105382  8.824002       17 13.72             2         4.352
       285 53.105397  8.824008       17   8.7             3         1.722
       286 53.105413  8.824005       17  5.61             2         1.796
       287 53.105405  8.824033       17   3.3             2         2.084
       288   53.1054  8.824055       16  1.59             3         1.583
       289 53.105373  8.824063       16  0.34             5         3.057
       290 53.105363  8.824088       16     0          10.9         2.018
       291 53.105342  8.824108       16  0.26           3.1         2.700
       292 53.105355  8.824115       16   0.4             7         1.526
       293 53.105368  8.824102       16  0.52             3         1.694
       294 53.105373  8.824082       15  0.34             8         1.458
       295 53.105387  8.824072       15  0.42             2         1.701
       296 53.105398  8.824067       14  0.67           5.9         1.274
       297 53.105387  8.824083       13  0.67             3         1.633
       298 53.105388  8.824102       13  0.04            10         1.285
       299   53.1054  8.824108       12  0.52           5.1         1.400
       300  53.10538  8.824105       13  0.46          12.9         2.239
       301  53.10535   8.82413       13  0.86           2.1         3.741
       302 53.105285  8.824198       14  3.98             2         8.556
       303 53.105215  8.824262       14  6.84             2         8.899
       304 53.105152  8.824307       14  9.33             2         7.637
       305 53.105088   8.82438       14 11.01             2         8.648
       306 53.105022   8.82442       14 10.75           2.1         7.823
       307 53.104922  8.824493       15 11.16           2.9         12.16
       308 53.104855  8.824543       15 11.27             2         8.180
       309 53.104753  8.824615       15  12.1             3         12.34
       310 53.104667  8.824667       15 12.55             2         10.19
       311 53.104597  8.824718       15 12.73             2         8.512
       312 53.104483   8.82478       16 12.67             4         13.35
       313  53.10442    8.8248       15 11.93             2         7.142
       314 53.104348  8.824835       14 11.45             2         8.353
       315  53.10428   8.82489       14 12.04             2         8.423
       316 53.104212  8.824933       14 12.54             2         8.102
       317 53.104143  8.824972       14 12.16             2         8.116
       318 53.104087  8.825023       15  11.8             2         7.114
       319 53.103988   8.82511       15 11.84             3         12.47
       320 53.103932  8.825167       15 11.56             2         7.316
       321   53.1039  8.825235       15 11.91             2         5.793
       322  53.10387  8.825397       14 11.35             3         11.38
       323 53.103838  8.825497       13 11.53             2         7.603
       324 53.103782  8.825575       13 12.47             2         8.143
       325 53.103695   8.82567       13  12.4             3         11.60
       326 53.103643  8.825725       13  11.6             2         6.868
       327  53.10358   8.82577       14 11.33             2         7.637
       328 53.103517  8.825827       14    11             2         7.990
       329 53.103442   8.82589       14 11.46             2         9.359
       330 53.103385  8.825942       15 12.38             2         7.244
       331 53.103327     8.826       16 11.99             2         7.541
       332 53.103282  8.826077       16 11.63             2         7.201
       333 53.103258   8.82617       16 11.43             2         6.794
       334 53.103248  8.826283       16 11.54             2         7.671
       335 53.103248  8.826373       16 11.79             2         6.020
       336 53.103242  8.826477       16 12.33           2.1         7.017
       337 53.103208  8.826652       16 12.16           2.9         12.35
       338 53.103208  8.826785       17 11.84             2         8.894
       339 53.103188  8.826897       16 11.78             2         7.845
       340 53.103173  8.827002       16 11.41             2         7.248
       341 53.103157  8.827092       16 10.88             2         6.303
       342 53.103143  8.827222       16 11.04             2         8.869
       343 53.103137  8.827357       16 11.32             2         9.091
       344  53.10313  8.827473       15 11.36             2         7.830
       345 53.103125  8.827582       15 11.88             2         7.342
       346 53.103105  8.827705       15 11.97             2         8.555
       347 53.103078  8.827842       14 12.42             2         9.679
       348 53.103063   8.82796       14  12.8           2.1         8.099
       349 53.103045  8.828143       14 13.12           2.9         12.45
       350 53.103033  8.828253       14 12.35             2         7.508
       351 53.103015  8.828375       13  12.3             2         8.435
       352 53.102987  8.828513       13 13.15             2         9.778
       353 53.102972  8.828613       13    13             2         6.921
       354 53.102947  8.828777       14 13.56           2.9         11.36
       355  53.10293    8.8289       14 13.73           2.1         8.475
       356 53.102932  8.829008       14 13.46             2         7.258
       357 53.102937  8.829112       14 13.88             2         7.008
       358 53.102935  8.829238       14 12.91             2         8.465
       359  53.10292  8.829347       15    12             2         7.509
       360 53.102903  8.829462       15 11.33             2         7.952
       361 53.102887  8.829627       15 11.01             3         11.22
       362 53.102868  8.829743       15 11.67             2         8.073
       363 53.102857  8.829883       14 12.77             2         9.481
       364 53.102823  8.830005       13 13.45             2         9.025
       365 53.102805   8.83018       12 13.72           2.9         11.92
       366 53.102788  8.830298       12 13.59           2.1         8.148
       367 53.102762  8.830488       13 13.73             3         13.08
       368 53.102728  8.830638       13 14.58             2         10.76
       369 53.102707  8.830797       13 15.72             2         10.93
       370 53.102708  8.830915       13 15.37             2         7.926
       371 53.102702  8.831033       12 15.42             2         7.953
       372 53.102712   8.83116       11 13.15             3         8.602
       373 53.102697   8.83116       12 10.86             2         1.669
       374 53.102712  8.830978       12  9.73           2.9         12.33
       375 53.102735  8.830833       13 10.36             2         10.07
       376  53.10277  8.830713       14 11.75           2.1         8.951
       377  53.10281  8.830573       14 14.04             2         10.40
       378 53.102823  8.830368       15 14.21             3         13.84
       379 53.102838  8.830238       17 13.51             2         8.889
       380 53.102865  8.830143       18 12.21             2         7.054
       381 53.102892  8.830032       19 11.77             2         8.038
       382  53.10289  8.829898       18 12.55             2         9.002
       383 53.102877  8.829695       17 13.73             3         13.71
       384 53.102882  8.829558       18 14.32             2         9.217
       385 53.102905  8.829435       19 13.96             2         8.648
       386  53.10292  8.829318       20 13.69             2         8.034
       387 53.102927  8.829203       21 13.52             2         7.763
       388 53.102928  8.829107       21 12.92             2         6.450
       389 53.102945   8.82899       21 12.84             2         8.083
       390 53.102972   8.82886       21 12.75             2         9.233
       391 53.102978  8.828717       21 12.86             2         9.627
       392 53.103012  8.828607       21 13.26             2         8.301
       393  53.10303   8.82848       20 13.78           2.1         8.761
       394 53.103028  8.828308       18 13.38           2.9         11.55
       395 53.103023  8.828198       18 13.14             2         7.409
       396 53.103015   8.82808       19 13.13             2         7.975
       397 53.102992   8.82795       19  13.4             2         9.098
       398 53.103022  8.827785       18 14.04           2.9         11.57
       399  53.10303  8.827668       17 13.76           2.1         7.908
       400 53.103057   8.82754       16 13.49             2         9.107
       401  53.10307  8.827402       16 13.39             2         9.380
       402 53.103077  8.827258       15 14.03             2         9.702
       403 53.103085   8.82714       15 14.08             2         7.975
       404 53.103095  8.826953       15 14.14           3.1         12.61
       405  53.10312  8.826762       16  13.5           2.9         13.12
       406  53.10313  8.826647       16 13.26             2         7.804
       407 53.103147   8.82654       16 12.84             2         7.432
       408 53.103152    8.8264       17 13.01             2         9.418
       409 53.103163   8.82629       18 12.43             2         7.489
       410  53.10321  8.826157       18 13.55             2         10.35
       411 53.103252  8.826012       16 14.49             2         10.80
       412  53.10327  8.825887       16 14.09             2         8.631
       413 53.103303  8.825778       16 14.06             2         8.191
       414  53.10337  8.825695       16  12.9             2         9.311
       415 53.103467   8.82561       16 12.18           2.9         12.21
       416 53.103582   8.82554       15 12.43           3.1         13.63
       417 53.103648  8.825487       15 12.75             2         8.164
       418 53.103742  8.825465       15 12.85             2         10.57
       419 53.103848  8.825395       15 12.62             3         12.70
       420  53.10393  8.825377       15 12.07             2         9.208
       421 53.103968  8.825327       17  8.97             3         5.403
       422 53.103992  8.825343       18  6.99             2         2.883
       423 53.104003  8.825382       18  3.91           3.1         2.895
       424 53.104003  8.825345       18  1.22           5.9         2.478
       425 53.104015  8.825337       18  0.24            17         1.444
       426  53.10403   8.82534       19  0.63             3         1.686
       427 53.104025  8.825367       20   0.2            19         1.901
       428 53.104002  8.825375       19   0.1            15         2.620
       429 53.104005  8.825357       18  0.41             3         1.258
       430 53.104017  8.825347       18  0.74           5.9         1.499
       431 53.103992  8.825333       18   0.8           3.1         2.941
       432 53.103958  8.825325       16  0.36             7         3.826
       433 53.103947  8.825333       15  0.31           2.1         1.341
       434 53.103935  8.825335       15  0.36           2.9         1.347
       435 53.103885  8.825288       14  1.69             2         6.400
       436 53.103797  8.825203       13  5.19             2         11.34
       437 53.103735  8.825135       11   9.6             2         8.276
       438 53.103685   8.82513        9 12.42             2         5.578
       439 53.103638  8.825193        7 13.03             2         6.730
       440  53.10358  8.825252        6 12.69             2         7.576
       441  53.10352  8.825312        6 12.14             2         7.801
       442 53.103463   8.82538        6 12.08             2         7.818
       443 53.103405  8.825447        7 12.69             2         7.870
       444 53.103348  8.825535        7 13.25             2         8.671
       445 53.103295  8.825615        8 13.35             2         7.980
       446 53.103232  8.825687        8 13.27             2         8.519
       447 53.103172  8.825777        9 13.26             2         9.008
       448 53.103113  8.825847       10 12.75             2         8.077
       449  53.10305  8.825912       11 13.04             2         8.261
       450  53.10297   8.82596       11 13.69             2         9.471
       451  53.10289  8.825997       12 12.86             3         9.245
       452 53.102792  8.826037       12 10.81             3         11.23
       453 53.102672  8.826075       12  8.92             3         13.60
       454 53.102578  8.826097       12  9.36             2         10.57
       455 53.102493  8.826138       10 10.72             2         9.854
       456  53.10241  8.826167        8 11.31             2         9.442
       457 53.102345  8.826195        7 11.61             2         7.477
       458 53.102258   8.82622        7 12.15             2         9.829
       459 53.102178   8.82625        7 12.24             2         9.130
       460 53.102097   8.82628        7 12.78             2         9.239
       461 53.102022  8.826282        7 13.36             2         8.350
       462 53.101967   8.82612        5  13.4           3.1         12.48
       463 53.101843  8.826037        3 12.75           2.9         14.88
       464 53.101755    8.8261        2 13.17             2         10.67
       465 53.101687  8.826168        2 13.33             2         8.841
       466 53.101625  8.826218        2 13.55             2         7.676
       467  53.10157   8.82626        3 13.37             2         6.742
       468 53.101508  8.826308        3 13.34             2         7.618
       469 53.101447  8.826372        2 13.04             2         8.037
       470  53.10138  8.826418        2 13.57             2         8.073
       471 53.101312  8.826452        1 13.72             2         7.907
       472 53.101235  8.826492        1 13.52             2         8.983
       473  53.10115  8.826538        1 14.19             2         9.953
       474 53.101078  8.826583        1 14.05             2         8.566
       475 53.100975  8.826632        1 14.35             3         11.93
       476 53.100908  8.826648        1 13.45             2         7.536
       477  53.10084  8.826642        2  13.1             2         7.581
       478 53.100765   8.82664        3 13.02             2         8.350
       479  53.10069  8.826642        3 13.11             2         8.350
       480 53.100608  8.826642        3 13.64             2         9.103
       481 53.100487  8.826633        2    14           2.9         13.48
       482   53.1004  8.826622        2 14.06             2         9.712
       483  53.10032  8.826612        2 14.17           2.1         8.931
       484 53.100242   8.82659        2 14.32             2         8.808
       485 53.100133  8.826537        2 14.14             3         12.64
       486 53.100057  8.826513        3 14.13             2         8.613
       487 53.099985    8.8265        3 14.42             2         8.063
       488 53.099915  8.826452        3 14.41             2         8.433
       489 53.099853  8.826402        3 14.41             2         7.676
       490 53.099787  8.826348        2 14.12             2         8.194
       491 53.099715  8.826287        1 14.03             2         9.001
       492 53.099697  8.826157        1 14.12             2         8.958
       493 53.099715  8.826015        0 14.59             2         9.745
       494 53.099758  8.825802        0 14.94             3         15.08
       495  53.09979  8.825688        0 14.75             2         8.445
       496 53.099847  8.825525        1  14.3             3         12.65
       497 53.099887    8.8254        1 14.45             2         9.503
       498 53.099922  8.825288        0 14.68             2         8.472
       499 53.099958  8.825182        0 15.16             2         8.170
       500  53.09999  8.825073        0 15.15             2         8.142
       501 53.100015  8.824962        0 14.82             2         7.958
       502 53.100048  8.824847        0 14.66             2         8.553
       503 53.100077   8.82473        0 14.54             2         8.496
       504 53.100112  8.824625        0  14.6             2         8.057
       505  53.10014  8.824517        0 14.58           2.1         7.896
       506 53.100168  8.824362        0 13.43           2.8         10.87
       507 53.100203  8.824265        0 13.52           2.1         7.592
       508 53.100263  8.824122        0 13.36           2.9         11.70
       509 53.100302   8.82401        0 14.16             2         8.685
       510 53.100332   8.82389        0 14.77           2.1         8.724
       511 53.100382  8.823713        0  14.6             3         13.12
       512 53.100405  8.823597        0 14.88             2         8.201
       513 53.100435  8.823483        0 14.94             2         8.353
       514 53.100468  8.823375        0 14.92             2         8.131
       515   53.1005   8.82325        0 15.34             2         9.120
       516 53.100555  8.823077        0 15.56             3         13.13
       517 53.100587  8.822967        0 15.44             2         8.202
       518 53.100617  8.822848        0 15.49             2         8.662
       519 53.100648  8.822725        0 15.36             2         8.953
       520 53.100672  8.822593        0 15.61             2         9.259
       521 53.100697  8.822483        0 15.62             2         7.895
       522 53.100717  8.822362        0 15.69             2         8.426
       523 53.100743   8.82224       -1 15.52             2         8.690
       524 53.100792  8.822065       -1 15.51             3         12.96
       525 53.100825  8.821952       -1 15.39             2         8.432
       526 53.100867  8.821848       -1 15.13             2         8.405
       527 53.100902  8.821723       -1 15.41             2         9.255
       528 53.100957  8.821557       -1 15.23             3         12.72
       529    53.101  8.821452       -1  15.2             2         8.523
       530 53.101048  8.821277       -1 15.05             3         12.91
       531 53.101098  8.821097       -1  14.6             3         13.31
       532 53.101132   8.82098       -1 14.78             2         8.722
       533  53.10116  8.820862        0 14.79             2         8.516
       534 53.101217  8.820692        0 15.08           2.9         13.06
       535 53.101255  8.820578        0 15.16           2.1         8.747
       536 53.101283  8.820462       -1 15.11             2         8.391
       537 53.101322  8.820345       -1 15.09             2         8.977
       538 53.101367  8.820227        0 15.36             2         9.375
       539 53.101402  8.820102        0 15.35             2         9.255
       540 53.101435  8.819988        0  15.5             2         8.492
       541 53.101473  8.819872        0 15.61             2         8.865
       542  53.10153    8.8197        0  15.2             3         13.18
       543 53.101557  8.819582        0 15.27             2         8.476
       544 53.101587  8.819463        0  15.2             2         8.662
       545 53.101623   8.81935        0  15.2             2         8.582
       546 53.101685  8.819177        0 14.99           3.1         13.51
       547 53.101748     8.819        0 15.31           2.9         13.80
       548 53.101812  8.818822        0 15.41             3         13.91
       549 53.101848  8.818707        0 15.93             2         8.701
       550 53.101887  8.818585        0 15.96             2         9.272
       551 53.101918  8.818475        0 15.74             2         8.154
       552  53.10195  8.818368        0 15.36             2         8.021
       553 53.101988  8.818243        0 15.33             2         9.400
       554 53.102022  8.818108        0 15.45             2         9.824
       555 53.102052  8.817972        0 16.12             2         9.725
       556 53.102108  8.817798        1 16.61           2.9         13.24
       557 53.102133  8.817683        1  16.3             2         8.210
       558  53.10215  8.817575        1 15.19           2.1         7.497
       559 53.102152   8.81749        1  13.3             2         5.715
       560  53.10216  8.817468        1 10.65             2         1.729
       561  53.10216   8.81743        1  7.98             2         2.545
       562  53.10216  8.817395        1  5.98             2         2.344
       563 53.102157  8.817377        1  5.36           1.4         1.259
