Serial No.  Latitude Longitude Altitude Speed Interval time Interval Dist
         1 53.073868  8.804972       -2  8.93             0             0
         2 53.073933  8.804917       -2  9.01             2         8.125
         3  53.07401  8.804827       -2 10.09             2         10.49
         4 53.074065  8.804765       -2 10.73             2         7.407
         5 53.074118  8.804705       -2 11.82             2         7.147
         6 53.074172  8.804648       -2 12.44             2         7.129
         7  53.07425   8.80456       -2 12.42             3         10.50
         8 53.074302  8.804502       -2 12.48             2         6.980
         9 53.074355  8.804452       -2 12.46             2         6.791
        10 53.074408  8.804397       -2 12.54             2         6.963
        11 53.074463  8.804347       -2  12.6             2         6.985
        12 53.074515  8.804292       -2 12.49             2         6.869
        13 53.074567  8.804248       -2 12.21             2         6.501
        14 53.074618  8.804205       -2 12.03             2         6.372
        15  53.07467  8.804148       -2 11.96             2         6.942
        16  53.07472  8.804075       -2 12.33             2         7.420
        17 53.074772   8.80401       -1 12.61             2         7.253
        18 53.074822  8.803955       -1 12.63             2         6.683
        19 53.074868  8.803897       -1 12.56             2         6.437
        20 53.074922  8.803838       -1 12.33             2         7.202
        21 53.074962  8.803765       -1 12.35             2         6.626
        22 53.075007  8.803693       -1 12.55             2         6.966
        23  53.07506  8.803628       -1 12.73           2.1         7.342
        24 53.075113  8.803572       -2  12.6             2         6.999
        25 53.075185  8.803475       -1 12.39           2.9         10.33
        26 53.075233  8.803413       -1 12.42             2         6.777
        27 53.075283  8.803347       -1 12.38             2         7.118
        28  53.07533  8.803285       -1 12.32             2         6.690
        29  53.07538  8.803217       -1 12.54             2         7.202
        30 53.075423   8.80314       -1 12.65             2         7.050
        31 53.075478  8.803082       -1 12.56             2         7.259
        32 53.075527  8.803017       -1 12.61             2         6.989
        33 53.075577  8.802953       -1 12.44             2         7.035
        34 53.075625   8.80289       -1  12.4             2         6.818
        35 53.075672  8.802823       -1  12.2             2         6.904
        36 53.075717   8.80275       -1 12.31             2         7.012
        37  53.07576  8.802675       -1 12.16             2         6.952
        38 53.075802  8.802605       -1 12.03             2         6.634
        39 53.075842  8.802535       -1 11.98             2         6.479
        40  53.07589  8.802468       -1 11.82             2         6.988
        41 53.075942  8.802408        0    12             2         7.055
        42 53.075993  8.802353       -2 11.97             2         6.776
        43 53.076052   8.80231       -2 12.11             2         7.176
        44 53.076102  8.802252       -2 12.17           2.1         6.796
        45 53.076173   8.80214       -2 12.27           2.9         10.91
        46 53.076225  8.802077       -2  12.3             2         7.172
        47  53.07626  8.801977       -2 12.64             2         7.768
        48   53.0763  8.801897       -2 12.66             2         6.982
        49 53.076342  8.801858       -2 12.54             2         5.362
        50 53.076402  8.801812       -1 12.49             2         7.361
        51 53.076463  8.801747       -3 12.48             2         8.074
        52  53.07651  8.801683       -3 12.15             2         6.774
        53 53.076555  8.801625       -3 12.38             2         6.348
        54 53.076602  8.801558       -3 12.45           2.1         6.904
        55 53.076677  8.801453       -3 12.31           2.9         10.93
        56 53.076725  8.801383       -3 12.11             2         7.120
        57 53.076767  8.801308       -3 11.95             2         6.876
        58 53.076817   8.80123       -2 12.22             2         7.646
        59 53.076857  8.801153       -2 12.48             2         6.828
        60 53.076907  8.801082       -1 12.88             2         7.332
        61 53.076957  8.801012       -3 13.21             2         7.288
        62 53.076993  8.800943       -3 12.78             2         6.130
        63 53.077042  8.800882       -2 12.59             2         6.824
        64  53.07709   8.80081       -2 12.56             2         7.209
        65 53.077137   8.80074       -2 12.34             2         7.037
        66 53.077182  8.800672       -2 12.53             2         6.782
        67 53.077232  8.800598       -1 12.65             2         7.465
        68  53.07728  8.800523       -3 12.78             2         7.346
        69 53.077325  8.800455       -3 12.83             2         6.782
        70 53.077368  8.800385       -3  12.6             2         6.712
        71 53.077412  8.800317       -3 12.49             2         6.700
        72 53.077462  8.800245       -3 12.22             2         7.376
        73 53.077505   8.80017       -3 12.15             2         6.952
        74 53.077547  8.800088       -3 12.43             2         7.227
        75 53.077587  8.800008       -2  12.5           2.1         6.982
        76 53.077657  8.799902       -2 12.62           2.9         10.56
        77 53.077703  8.799832       -2 12.66             2         6.954
        78 53.077745   8.79976       -1 12.54             2         6.729
        79 53.077792  8.799687       -3 12.55             2         7.173
        80 53.077833  8.799605       -3 12.71             2         7.156
        81 53.077872  8.799538       -2 12.46             2         6.256
        82 53.077903  8.799488       -2 12.12             2         4.819
        83 53.077952  8.799428       -1 11.43             2         6.784
        84 53.078033  8.799305       -3 11.05             3         12.23
        85  53.07806  8.799208       -4 11.38             2         7.179
        86 53.078098  8.799108       -4 11.76             2         7.941
        87 53.078138  8.799037       -3 12.27           2.1         6.527
        88   53.0782  8.798923       -1 12.22           2.9         10.31
        89 53.078237  8.798827       -1  12.2             2         7.654
        90 53.078267  8.798747       -1 12.09             2         6.330
        91 53.078302  8.798658       -1 12.29             2         7.139
        92 53.078345  8.798588       -1 12.63             2         6.712
        93 53.078388  8.798508       -1 12.55             2         7.199
        94 53.078425  8.798412       -1  13.1             2         7.654
        95  53.07846  8.798325       -1 13.11             2         7.027
        96 53.078497  8.798245       -1    13             2         6.773
        97 53.078532   8.79817       -1 12.75             2         6.372
        98 53.078565   8.79808       -1 12.58             2         7.077
        99 53.078603  8.797998       -1 12.38             2         6.948
       100 53.078637  8.797917       -1 12.35           2.1         6.631
       101 53.078697  8.797788       -1 12.58           2.9         10.94
       102 53.078735   8.79772       -1 12.49             2         6.228
       103 53.078775   8.79764        0 12.44             2         6.981
       104 53.078812  8.797558       -2 12.28             2         6.880
       105 53.078842  8.797475       -2 11.97             2         6.502
       106 53.078882  8.797387       -2 12.42             2         7.403
       107  53.07892  8.797303       -2 12.47             2         7.055
       108 53.078962  8.797223       -2 12.46             2         7.125
       109 53.078995  8.797138       -2 12.42             2         6.792
       110 53.079028  8.797058       -2 12.15             2         6.512
       111 53.079063  8.796967       -2 12.05           2.1         7.252
       112  53.07911  8.796835       -2 12.13           2.9         10.30
       113 53.079145  8.796747       -2 12.54             2         7.082
       114  53.07918  8.796658       -2 12.63             2         7.139
       115 53.079213  8.796582       -2 12.39             2         6.292
       116 53.079242  8.796498       -2 12.17             2         6.504
       117 53.079275   8.79642       -2    12             2         6.402
       118 53.079308  8.796338       -2 11.88           2.2         6.624
       119 53.079357  8.796218       -1 11.86           2.8         9.735
       120  53.07939  8.796132       -3 11.97             2         6.849
       121  53.07942  8.796047       -3 11.98             2         6.618
       122 53.079448  8.795963       -2 11.76             2         6.449
       123 53.079478  8.795877       -2 11.87             2         6.676
       124 53.079503  8.795772       -2 12.07             2         7.585
       125 53.079533  8.795675       -2  12.4             2         7.325
       126  53.07957  8.795593       -2 12.62             2         6.880
       127 53.079598  8.795507       -2 12.75           2.1         6.567
       128 53.079633  8.795363       -2  12.2           2.9         10.43
       129  53.07966  8.795268       -2 12.09             2         7.057
       130  53.07969  8.795182       -2 12.12             2         6.676
       131  53.07972    8.7951       -1 12.02             2         6.444
       132 53.079743  8.795017       -1 12.04             2         6.138
       133 53.079773  8.794927       -1 12.13             2         6.909
       134 53.079798  8.794827       -1 12.31             2         7.274
       135 53.079832  8.794742       -1 12.46             2         6.853
       136 53.079858  8.794648       -1 12.74             2         6.949
       137 53.079885  8.794557       -2 12.82             2         6.815
       138  53.07991  8.794465       -2 12.74             2         6.781
       139 53.079943  8.794337       -2 12.46             3         9.352
       140  53.07997  8.794247       -2 12.21             2         6.754
       141 53.080002  8.794157       -2 11.98             2         7.020
       142 53.080028  8.794067       -2 11.97             2         6.706
       143 53.080052   8.79397       -2 12.29             2         7.045
       144 53.080075   8.79388       -2 12.26             2         6.568
       145   53.0801  8.793787       -2 12.31             2         6.842
       146 53.080118  8.793697       -1 12.15             2         6.372
       147 53.080137  8.793607       -1 11.79           2.1         6.408
       148 53.080167  8.793467        0 11.91           2.9         9.982
       149 53.080197  8.793372        0  12.1             2         7.205
       150  53.08022  8.793285       -1 12.03             2         6.383
       151 53.080243  8.793195        0 12.11             2         6.568
       152  53.08027   8.79311        0 11.81             2         6.455
       153 53.080293  8.793022       -1 11.51             2         6.445
       154 53.080318   8.79293       -1 11.73             2         6.781
       155 53.080347  8.792842       -1 11.71             2         6.738
       156 53.080378  8.792752       -1 12.06             2         6.964
       157 53.080405  8.792663       -1 12.14             2         6.694
       158 53.080428  8.792573       -1 12.09             2         6.568
       159 53.080447  8.792487       -1 11.85             2         6.155
       160 53.080465  8.792387       -2 11.78             2         7.013
       161 53.080488  8.792297       -2 11.91             2         6.568
       162 53.080513    8.7922       -1 11.94             2         7.088
       163 53.080542  8.792115       -1 12.11             2         6.562
       164 53.080567  8.792028       -1 12.12             2         6.476
       165 53.080592  8.791937        0 12.15             2         6.719
       166 53.080625  8.791848       -2 12.25             2         7.019
       167 53.080643  8.791757       -2  12.1             2         6.436
       168 53.080662   8.79167       -1 11.91             2         6.218
       169 53.080692  8.791588       -1  11.8             2         6.444
       170  53.08072  8.791508       -1 11.49             2         6.215
       171 53.080748  8.791425       -1 11.56             2         6.390
       172 53.080773  8.791338       -1 11.55             2         6.476
       173 53.080793   8.79126        0 11.16             2         5.696
       174 53.080818  8.791195        0 10.98             2         5.181
       175 53.080847   8.79113        0 10.66             2         5.433
       176 53.080882  8.791068        0  9.86             2         5.706
       177 53.080942  8.791007        0 10.21             2         7.837
       178 53.080942  8.790893        0   9.9           2.1         7.628
       179 53.080973  8.790718        0 10.52           2.9         12.25
       180 53.080998    8.7906        0 10.96             2         8.403
       181 53.081023  8.790497        0 11.48             2         7.460
       182 53.081047  8.790393        0 12.01             2         7.482
       183 53.081077  8.790305        0 12.14             2         6.792
       184   53.0811  8.790222        0 12.12             2         6.138
       185 53.081123  8.790123        0 12.03             2         7.129
       186 53.081143  8.790025       -1 12.06             2         6.952
       187 53.081173  8.789928       -1 12.25             2         7.324
       188 53.081207   8.78984       -1 12.27             2         7.022
       189 53.081232   8.78975        0 12.13             2         6.658
       190 53.081253  8.789652        0 12.24             2         6.989
       191 53.081283  8.789582        0 12.01             2         5.770
       192  53.08133  8.789475        0 11.44             3         8.892
       193 53.081343  8.789377        0 11.02             2         6.743
       194 53.081347  8.789247        0 10.73             2         8.746
       195 53.081363  8.789135        0 10.95             2         7.734
       196 53.081367  8.789027       -1 11.45             2         7.271
       197 53.081375  8.788918        0 12.12             2         7.379
       198 53.081392  8.788808        0 12.16             2         7.630
       199  53.08141  8.788708        0 12.15             2         7.013
       200 53.081423    8.7886        0 12.73             2         7.401
       201 53.081448  8.788495        0 13.07           2.1         7.585
       202 53.081478  8.788347        0 13.08             3         10.49
       203 53.081507  8.788195        0 12.87           2.9         10.71
       204 53.081527  8.788098        0 12.63             2         6.889
       205  53.08155  8.788005        0 12.74             2         6.754
       206 53.081567   8.78791       -1 12.64             2         6.659
       207 53.081583  8.787812       -1 12.63             2         6.823
       208 53.081603  8.787715       -1 12.69             2         6.889
       209 53.081622  8.787618       -1 12.41             2         6.853
       210 53.081638  8.787523       -1 12.29             2         6.628
       211 53.081655  8.787432       -1  12.2             2         6.402
       212 53.081678   8.78734       -1  12.1             2         6.692
       213   53.0817  8.787245       -1 12.18             2         6.838
       214 53.081722  8.787153       -1  12.3             2         6.650
       215  53.08174  8.787062       -1 12.27             2         6.436
       216 53.081753  8.786958       -1 12.28             2         7.137
       217 53.081773  8.786865       -1 12.38             2         6.635
       218 53.081797  8.786768       -1 12.49             2         7.045
       219 53.081813  8.786673       -1 12.62             2         6.628
       220 53.081832   8.78658       -1 12.53             2         6.598
       221 53.081845  8.786482       -1 12.58             2         6.743
       222  53.08186   8.78638       -1 12.66             2         7.055
       223 53.081878  8.786282       -1 12.77             2         6.884
       224 53.081893   8.78619       -1 12.78             2         6.405
       225 53.081915    8.7861        0 12.54             2         6.526
       226 53.081932  8.786008        0 12.27             2         6.466
       227 53.081947  8.785918        0 12.05             2         6.275
       228 53.081955   8.78582        0 11.89             2         6.646
       229 53.081967  8.785677        0 11.84             3         9.700
       230 53.081983  8.785533        0 11.82             3         9.838
       231 53.081988  8.785432        0 12.02             2         6.810
       232 53.081998   8.78533        0 12.22             2         6.944
       233 53.082007  8.785227       -1 12.48             2         6.994
       234 53.082012  8.785128       -1 12.64             2         6.676
       235 53.082017  8.785035       -1 12.18             2         6.275
       236 53.082023  8.784935       -1 12.18             2         6.753
       237 53.082025  8.784835       -1 12.15             2         6.724
       238 53.082033  8.784735       -1 12.13             2         6.779
       239 53.082037  8.784627       -1 12.73             2         7.271
       240 53.082042   8.78453       -1 12.56             2         6.543
       241 53.082045  8.784432       -1  12.5             2         6.595
       242 53.082053  8.784335       -1 12.48             2         6.579
       243 53.082063   8.78424        0 12.13             2         6.481
       244  53.08207  8.784145        0 12.16             2         6.432
       245 53.082078  8.784043        0  12.2             2         6.912
       246 53.082085  8.783947        0 12.14             2         6.499
       247 53.082095  8.783848        0 12.16             2         6.746
       248 53.082102  8.783752        0 12.21             2         6.499
       249 53.082103  8.783655       -1 12.02             2         6.520
       250 53.082108  8.783553       -1  12.2             2         6.877
       251 53.082115  8.783452       -1 12.39             2         6.832
       252  53.08212  8.783355       -1 12.37             2         6.543
       253  53.08213  8.783262       -1 12.29             2         6.349
       254 53.082133  8.783168       -1    12             2         6.326
       255 53.082147  8.783073       -1 11.67             2         6.572
       256 53.082155  8.782967       -1  11.9             2         7.179
       257 53.082158  8.782865       -1 11.95             2         6.863
       258 53.082162  8.782757       -1 12.35             2         7.271
       259 53.082162  8.782655       -1 12.52             2         6.826
       260 53.082175  8.782568       -1 12.09             2         6.024
       261 53.082182  8.782495        0 11.44             2         4.969
       262 53.082187  8.782445        0  9.75             2         3.408
       263 53.082193   8.78239        0  7.85             3         3.758
       264   53.0822  8.782352        0  6.24             2         2.673
       265 53.082202  8.782332        0  4.62             2         1.366
       266 53.082208  8.782307        0  3.86             2         1.812
       267 53.082212  8.782327        0  0.59            14         1.420
       268 53.082222  8.782352        0  0.68            47         2.019
       269 53.082208  8.782355        0  1.65             2         1.576
       270  53.08222  8.782355        0  0.53            50         1.336
       271 53.082217  8.782372        0   0.9             3         1.194
       272 53.082205  8.782383       -1  0.89            11         1.531
       273   53.0822  8.782365       -1  0.61            19         1.336
       274 53.082198  8.782398        0     2            25         2.232
       275 53.082183  8.782463        1  3.94             2         4.678
       276 53.082173   8.78255        1  6.36             2         5.952
       277  53.08217  8.782645        1  8.79             2         6.393
       278 53.082165  8.782745        1 10.75             2         6.743
       279 53.082163  8.782842        1 11.38             2         6.523
       280 53.082163  8.782933        1 11.49             2         6.090
       281 53.082157  8.783028        1 11.65             2         6.419
       282 53.082148   8.78312        1 11.47             2         6.264
       283  53.08215  8.783217        1  11.6             2         6.523
       284 53.082142  8.783308        1 11.61             2         6.180
       285 53.082135  8.783397        0 11.34             2         6.032
       286 53.082127   8.78349        0 11.28             2         6.313
       287  53.08212  8.783582        0 11.19             2         6.232
       288 53.082115   8.78367        0 11.02             2         5.941
       289  53.08211   8.78376        0 11.18             2         6.074
       290 53.082108  8.783847        1 11.09             2         5.852
       291 53.082103  8.783937        1 10.99             2         6.074
       292 53.082097  8.784027        1 11.21             2         6.086
       293 53.082087  8.784117        1 11.21             2         6.150
       294 53.082077   8.78421        0 11.27             2         6.349
       295 53.082072  8.784297        0 11.17             2         5.874
       296 53.082062  8.784385        0 11.01             2         6.018
       297 53.082055  8.784473        0  10.9           2.1         5.966
       298 53.082043    8.7846        0 10.66           2.9         8.637
       299 53.082037   8.78469        0 10.94             2         6.086
       300 53.082035  8.784777        0 10.72             2         5.852
       301 53.082032  8.784863        0  10.8             2         5.790
       302 53.082028  8.784957        0 10.99             2         6.333
       303 53.082018  8.785045        0 11.02             2         6.018
       304 53.082005  8.785132        0 10.95             2         6.024
       305 53.081997  8.785225        0 11.08             2         6.313
       306 53.081987  8.785325        0 11.23             2         6.812
       307 53.081987   8.78542        0 11.25             2         6.358
       308 53.081995  8.785525        0 11.81             2         7.112
       309 53.081997  8.785627        1 12.12             2         6.858
       310 53.081982  8.785718        1 11.96             2         6.340
       311 53.081977  8.785815        1 12.14             2         6.543
       312 53.081985  8.785915        1 12.04             2         6.779
       313 53.081995  8.786018        1 12.03             2         7.011
       314 53.081997  8.786088        1 11.36             2         4.711
       315 53.081988   8.78616        1 10.69           2.1         4.943
       316 53.081988  8.786302        1  9.29           2.9         9.500
       317  53.08198  8.786405        2  9.21             2         6.979
       318 53.081943   8.78649        3   9.8             2         7.043
       319 53.081905   8.78656        4  9.87             2         6.327
       320 53.081873    8.7866        4   9.6             2         4.465
       321 53.081858  8.786643        5  9.02             2         3.340
       322  53.08185  8.786722        5  8.95             2         5.384
       323 53.081837   8.78682        4  9.56             2         6.743
       324 53.081825  8.786925        4 10.16             2         7.181
       325 53.081798   8.78701        3 10.57             2         6.455
       326 53.081768  8.787093        4 10.83             2         6.502
       327 53.081743  8.787182        5 10.87             2         6.597
       328 53.081722  8.787273        5 11.06             2         6.547
       329 53.081712  8.787375        5 11.07             2         6.945
       330 53.081698  8.787463        5 11.08             2         6.116
       331 53.081677  8.787552        5 11.12             2         6.422
       332 53.081647  8.787638        4 11.27             2         6.675
       333 53.081637  8.787722        3 11.18             2         5.755
       334 53.081628  8.787802        3 11.45             2         5.470
       335  53.08162  8.787888        2 11.55             2         5.848
       336 53.081593   8.78798        2 11.52             2         6.875
       337 53.081567  8.788073        1 11.51             2         6.888
       338 53.081547  8.788165        0 11.46             2         6.572
       339 53.081533  8.788267        0 11.67             2         7.030
       340 53.081507  8.788393        0 11.46             3         8.947
       341 53.081475  8.788507        0 11.37             3         8.448
       342 53.081463  8.788603        0 11.52             2         6.589
       343 53.081448  8.788702        0 11.68             2         6.860
       344 53.081428  8.788792        0 11.84             2         6.446
       345 53.081412   8.78889        0 12.29             2         6.823
       346 53.081395  8.788993        0 12.52             2         7.176
       347 53.081385  8.789095        0 12.48             2         6.945
       348 53.081392  8.789187        1 12.54             2         6.232
       349 53.081387   8.78928        1 12.23             2         6.275
       350  53.08137  8.789372        1 11.94             2         6.466
       351 53.081353  8.789462        1 11.61             2         6.338
       352 53.081337   8.78953        2  11.3             2         4.906
       353 53.081298  8.789612        2  11.3             2         7.016
       354 53.081257  8.789717        2 11.45             2         8.403
       355 53.081227  8.789815        1  11.7             2         7.384
       356   53.0812  8.789913        0 12.35             2         7.239
       357 53.081177  8.789998        0 12.44             2         6.261
       358  53.08115  8.790085        0 12.32             2         6.574
       359  53.08112  8.790173       -1 12.38           2.1         6.792
       360 53.081083  8.790307       -1  12.2           2.9         9.901
       361 53.081058  8.790407       -1 12.56             2         7.274
       362 53.081035  8.790498       -1 12.46             2         6.630
       363 53.081005  8.790592       -1 12.83             2         7.146
       364 53.080975  8.790693       -1 13.05             2         7.564
       365  53.08095  8.790793       -1 12.63             2         7.274
       366 53.080943   8.79087       -1 11.82           2.1         5.234
       367 53.080922  8.790967        0  10.9           2.9         6.925
       368 53.080885  8.791025        0  10.1             2         5.672
       369  53.08084  8.791078        0  9.73             2         6.148
       370 53.080785   8.79115       -1  9.91             2         7.804
       371 53.080772  8.791253       -1  9.45             2         7.072
       372 53.080762  8.791387       -1  9.78             2         9.072
       373 53.080725  8.791512       -1  10.9             2         9.354
       374 53.080702  8.791608       -1 11.47             2         6.941
       375 53.080672  8.791703       -1 12.27             2         7.205
       376  53.08064  8.791793       -1 12.61             2         7.020
       377 53.080615  8.791893       -1  12.5             2         7.274
       378 53.080592   8.79198       -1 12.29             2         6.383
       379  53.08057  8.792067       -1 12.35             2         6.340
       380  53.08055  8.792148        0 11.89             2         5.882
       381 53.080528  8.792245        0 11.86             2         6.964
       382 53.080505  8.792338        0 11.91             2         6.754
       383  53.08047  8.792433        0 12.19             2         7.479
       384 53.080437  8.792527        0 12.75             2         7.308
       385 53.080415   8.79262        0 12.72             2         6.713
       386  53.08039  8.792713        0 12.88             2         6.842
       387 53.080362  8.792803        0 12.65             2         6.805
       388 53.080335   8.79289        0 12.53             2         6.575
       389  53.08031  8.792977        0 12.33             2         6.476
       390 53.080288  8.793062        0 11.97             2         6.216
       391 53.080262  8.793152        0 12.09             2         6.706
       392  53.08024  8.793248        0 12.08             2         6.901
       393 53.080213   8.79334        0 12.14             2         6.875
       394 53.080187  8.793423        0 12.02             2         6.285
       395 53.080158  8.793518        0 12.37             2         7.154
       396 53.080137  8.793608        0  12.2             2         6.485
       397 53.080112  8.793698        0 12.03             2         6.658
       398 53.080088  8.793788        0  12.4             2         6.613
       399 53.080065  8.793888        0 12.26             2         7.192
       400 53.080042  8.793982        0 12.42             2         6.817
       401 53.080023  8.794075        0 12.61             2         6.599
       402 53.079998  8.794168        0 12.57             2         6.842
       403 53.079975  8.794265        0 12.72             2         7.004
       404  53.07995  8.794358        0  12.7             2         6.842
       405 53.079925  8.794445       -1 12.84             2         6.476
       406 53.079902  8.794537        0 12.64             2         6.692
       407 53.079875  8.794627        0 12.64             2         6.754
       408 53.079848  8.794718        0 12.58             2         6.815
       409 53.079815  8.794807        0 12.52             2         7.020
       410 53.079795  8.794898        0 12.56             2         6.509
       411 53.079777  8.794992        0 12.47             2         6.628
       412 53.079757  8.795097        0 12.51             2         7.399
       413  53.07973   8.79519        0 12.51             2         6.935
       414 53.079707  8.795282        0 12.55             2         6.692
       415 53.079667  8.795358        0 12.59             2         6.777
       416 53.079633   8.79544        0 12.05             2         6.686
       417 53.079598  8.795528        0 12.11             2         7.082
       418 53.079567  8.795623        0 12.04             2         7.258
       419 53.079537  8.795715        0 11.73           2.1         7.027
       420 53.079495  8.795847        0 11.61           2.9         10.03
       421 53.079473  8.795923        0 10.93             2         5.666
       422 53.079438  8.796015        0 10.74             2         7.308
       423  53.07941   8.79612       -1 11.13             2         7.714
       424 53.079377  8.796218       -1 11.43             2         7.541
       425 53.079355  8.796302       -1 11.87             2         6.154
       426 53.079318  8.796388       -1 12.07             2         7.097
       427 53.079282  8.796477       -1 11.94             2         7.200
       428 53.079243  8.796568       -1 12.12             2         7.500
       429 53.079203  8.796652       -1 12.64             2         7.190
       430 53.079165  8.796742       -1 12.76             2         7.381
       431 53.079133  8.796828       -1  13.1             2         6.790
       432 53.079103   8.79692        0  13.1             2         7.027
       433 53.079073     8.797        0 12.72             2         6.330
       434 53.079042  8.797088        0 12.77             2         6.848
       435  53.07901  8.797165        0 12.39             2         6.283
       436 53.078968   8.79725        0 12.39             2         7.382
       437 53.078937  8.797337       -1 12.24             2         6.790
       438 53.078905  8.797415       -1 11.86             2         6.339
       439 53.078867  8.797485       -1 11.55             2         6.327
       440 53.078827   8.79757       -1  11.3             2         7.243
       441 53.078797  8.797645       -1 11.15             2         6.047
       442 53.078763  8.797718       -1 11.25             2         6.197
       443 53.078728  8.797793        0 11.24             2         6.372
       444 53.078688  8.797872        0 11.24             2         6.930
       445 53.078657   8.79795        0  11.3             2         6.277
       446 53.078623  8.798022        0 11.18             2         6.144
       447 53.078582  8.798097        0  11.5             2         6.800
       448 53.078547  8.798167        0 11.26             2         6.109
       449  53.07851  8.798242       -1  11.5           2.1         6.510
       450 53.078462   8.79837       -1 11.77           2.9         10.13
       451 53.078427   8.79845       -1 11.73             2         6.640
       452 53.078397  8.798542       -2 11.83             2         7.028
       453  53.07837  8.798627       -2 11.96             2         6.456
       454 53.078338   8.79871       -2 11.92             2         6.619
       455 53.078305  8.798792       -2 11.98             2         6.624
       456 53.078265  8.798875       -2  12.2             2         7.138
       457 53.078232  8.798955       -2 12.14             2         6.512
       458 53.078188  8.799022       -2 12.13             2         6.654
       459  53.07815    8.7991       -2 11.88           2.1         6.737
       460 53.078095  8.799203       -2 11.46           2.9         9.240
       461 53.078057  8.799273       -2  11.2             2         6.328
       462 53.078023   8.79932        0 10.83             2         4.932
       463 53.077975  8.799388        0 11.17             2         7.032
       464 53.077935   8.79945        0 10.46             2         6.099
       465 53.077892  8.799532        0 10.75             2         7.300
       466 53.077833  8.799668       -1 11.55             2         11.25
       467 53.077782  8.799745       -1 11.62             2         7.682
       468 53.077748  8.799808       -1 12.27             2         5.680
       469 53.077708   8.79988        0 12.55             2         6.577
       470 53.077665  8.799955        0 12.23             2         6.952
       471 53.077622  8.800028        0 12.13             2         6.855
       472 53.077577  8.800105        0 12.57             2         7.203
       473 53.077535  8.800182        0 12.57             2         6.975
       474 53.077493  8.800252        0 12.45             2         6.633
       475 53.077438  8.800302        0 12.23             2         6.985
       476 53.077392   8.80036       -1 12.01             2         6.437
       477 53.077347   8.80043       -1 11.84             2         6.873
       478 53.077298    8.8005       -1 11.94             2         7.204
       479 53.077253   8.80058       -1 12.35             2         7.349
       480 53.077208  8.800655        0 12.47             2         7.107
       481 53.077167  8.800722        0 12.57             2         6.412
       482 53.077118  8.800802        0  12.9             2         7.659
       483 53.077072  8.800878        0 12.95             2         7.233
       484 53.077023  8.800942       -1 12.83             2         6.947
       485 53.076972   8.80101       -1 13.19             2         7.289
       486 53.076917  8.801083       -1 13.36             2         7.846
       487 53.076868  8.801157       -1 13.32             2         7.382
       488  53.07683  8.801228       -1 13.34             2         6.378
       489 53.076778  8.801293       -1 12.91             2         7.253
       490 53.076735   8.80136        0  12.4             2         6.573
       491  53.07669  8.801433        0  12.1             2         7.012
       492 53.076643  8.801505        0 12.21             2         7.127
       493 53.076597  8.801573        0  12.4             2         6.864
       494 53.076548  8.801638        0 12.13             2         6.989
       495 53.076492  8.801693        0 12.43             2         7.248
       496  53.07645  8.801753        0 11.66             2         6.175
       497 53.076418  8.801812        0 10.23             2         5.332
       498 53.076385   8.80186        0  9.56             2         4.891
       499 53.076323   8.80194        0  8.64             2         8.749
       500 53.076272  8.802013        0  9.11             2         7.504
       501 53.076207  8.802077        0 10.35             2         8.418
       502 53.076153   8.80215        0 11.47             2         7.759
       503 53.076107  8.802208        0 11.83             2         6.437
       504 53.076057  8.802278        0 12.09             2         7.288
       505 53.076007  8.802347        0 12.11             2         7.245
       506 53.075958  8.802407        0 11.59             2         6.784
       507  53.07591  8.802467        0 11.84             2         6.695
       508 53.075863  8.802533        0  11.6             2         6.860
       509 53.075815  8.802613        0 11.61             2         7.580
       510 53.075777  8.802678        0 11.58             2         6.082
       511 53.075735  8.802732        0 11.08             2         5.920
       512 53.075683  8.802785        0 11.15             2         6.798
       513 53.075638  8.802855        0 11.07             2         6.873
       514 53.075593  8.802918        0 11.13             2         6.560
       515 53.075527  8.803027        0 11.44             3         10.37
       516 53.075485   8.80309        0 11.39             2         6.309
       517 53.075442  8.803145        0 10.58             2         6.049
       518 53.075395  8.803217        0 10.83             2         7.127
       519 53.075342  8.803273        0 10.91             2         6.999
       520 53.075292  8.803327        0 11.11             2         6.646
       521 53.075232  8.803385        0 12.07             2         7.734
       522 53.075187  8.803448        0 12.01             2         6.560
       523  53.07514  8.803513        0 11.88             2         6.817
       524 53.075098  8.803573        0 12.05             2         6.175
       525 53.075057  8.803642        0 11.54             2         6.508
       526  53.07501  8.803708        0 11.41             2         6.860
       527 53.074968  8.803777        0 11.49             2         6.586
       528 53.074925  8.803853        0 11.58             2         7.001
       529 53.074873  8.803903        0 11.79             2         6.694
       530 53.074823  8.803962        0 11.87             2         6.835
       531 53.074772  8.804013        0 11.94             2         6.633
       532  53.07472  8.804063        0 11.76             2         6.694
       533 53.074668  8.804103        0 11.56             2         6.384
       534 53.074612   8.80416        0 11.75             2         7.318
       535 53.074567  8.804227        0 11.83             2         6.737
       536 53.074515  8.804293        0 12.22             2         7.293
       537 53.074457  8.804362        0 12.81             2         7.950
       538   53.0744  8.804437        0 12.79           2.1         8.104
       539 53.074335    8.8045        0 12.32           2.9         8.384
       540 53.074295  8.804563        0 12.27             2         6.146
       541 53.074245  8.804615        0 11.53             2         6.573
       542 53.074203  8.804673        0 11.51             2         6.089
       543 53.074163  8.804737        0  11.3             2         6.192
       544  53.07411  8.804795        0  11.2             2         7.072
       545  53.07407  8.804845        0 11.08           2.1         5.580
       546  53.07398  8.804907        0 11.59           2.9         10.85
       547 53.073927  8.804947        0 11.37             2         6.485
       548 53.073877  8.804987        0 11.94             2         6.183
       549 53.073782  8.805035        0 12.24             3         11.05
       550 53.073705  8.805085        0 12.38             2         9.206
       551 53.073687   8.80519        0 11.91             2         7.336
       552 53.073668   8.80531        0 11.57             2         8.338
       553 53.073628  8.805377        0 10.58           2.1         6.334
       554 53.073558  8.805483        0 11.22           2.9         10.56
       555 53.073523  8.805558        0 11.37             2         6.372
       556 53.073482   8.80563        0 12.28             2         6.653
       557 53.073442  8.805692        0  12.4           2.1         6.100
       558 53.073397  8.805782        0 11.32           2.9         7.854
       559 53.073367  8.805885        0  9.53             3         7.686
       560 53.073357  8.805975        0  8.72             2         6.152
       561 53.073345  8.806063        0  8.38             2         6.065
       562 53.073285  8.806152       -2  8.45             2         8.966
       563 53.073183  8.806207       -3  9.46             2         11.94
       564 53.073123  8.806268       -3 10.46             2         7.837
       565 53.073088  8.806342       -2 11.08             2         6.319
       566  53.07304  8.806415       -1 11.73             2         7.255
       567 53.072993  8.806477       -1 11.77             2         6.690
       568 53.072955  8.806543        0 11.39             2         6.131
       569  53.07292  8.806625        0 11.52           2.1         6.750
       570 53.072862  8.806743        0 11.57           2.9         10.23
       571 53.072827  8.806823        0 11.68             2         6.641
       572 53.072793   8.80691        0 12.09             2         6.966
       573  53.07276  8.806988        0 11.54             2         6.402
       574 53.072722  8.807067        0 11.75             2         6.790
       575  53.07269  8.807145        0 11.68             2         6.339
       576 53.072658  8.807225        0  11.5             2         6.451
       577 53.072625  8.807312        0 11.79             2         6.906
       578   53.0726  8.807393        0 11.52             2         6.115
       579 53.072563   8.80747        0 11.76             2         6.615
       580 53.072525  8.807548        0 11.76             2         6.737
       581 53.072488  8.807627        0  11.8             2         6.721
       582 53.072452  8.807708        0 11.98             2         6.761
       583 53.072422  8.807797        0 12.08             2         6.852
       584 53.072385  8.807877        0 12.16           2.1         6.774
       585  53.07234  8.808002        0 12.26           2.9         9.780
       586  53.07231  8.808087        0 12.35             2         6.618
       587 53.072278  8.808168        0 12.12             2         6.507
       588 53.072257  8.808258        0 12.01             2         6.486
       589 53.072237  8.808348        0  12.1             2         6.447
       590 53.072218  8.808432        0 11.97             2         6.030
       591 53.072193  8.808512        0 11.79             2         6.056
       592 53.072175  8.808598        0 11.71             2         6.119
       593 53.072143  8.808682        0 11.75             2         6.677
       594 53.072118  8.808765        0 11.62             2         6.235
       595  53.07209  8.808857        0 11.95             2         6.925
       596 53.072063  8.808947        0 12.14             2         6.755
       597 53.072042  8.809025        0 11.81             2         5.742
       598 53.072015   8.80911        0  11.9             2         6.456
       599 53.071993   8.80919        0 11.58             2         5.910
       600 53.071973  8.809273        0 10.99           2.1         6.008
       601 53.071923  8.809395        0 10.72           2.9         9.909
       602 53.071895  8.809478        0  10.8             2         6.391
       603 53.071857  8.809562        0 11.01             2         7.055
       604 53.071803   8.80963        0 11.58             2         7.552
       605 53.071768  8.809708        1 11.84             2         6.533
       606 53.071732  8.809778        1 11.92             2         6.182
       607 53.071695   8.80986        0 12.18             2         6.881
       608 53.071663  8.809947        0 12.09             2         6.848
       609 53.071632  8.810032        0  12.3             2         6.675
       610   53.0716  8.810118        0 12.58             2         6.791
       611 53.071567  8.810192        0 12.13             2         6.184
       612 53.071528  8.810272        0  12.2             2         6.912
       613 53.071492  8.810348        0 12.17             2         6.494
       614 53.071453  8.810427        0 12.11             2         6.860
       615 53.071423  8.810503        0 12.18             2         6.104
       616  53.07139  8.810587        0 12.31             2         6.737
       617 53.071357   8.81067        0 12.34             2         6.680
       618 53.071323  8.810737        0 12.19           2.1         5.884
       619 53.071285  8.810855        0 12.07           2.9         8.988
       620 53.071245  8.810937        0 12.11             2         7.086
       621 53.071202  8.811017        0 12.03             2         7.200
       622 53.071165  8.811103        0 12.26             2         7.098
       623 53.071127  8.811193        0 12.84             2         7.382
       624 53.071088  8.811273        0  12.9             2         6.912
       625 53.071055   8.81136        0 13.07             2         6.906
       626 53.071023  8.811438        0 12.51             2         6.339
       627 53.070993  8.811518        0  12.2             2         6.331
       628 53.070963  8.811603        0 12.04             2         6.619
       629 53.070937  8.811687        0 11.72           2.1         6.346
       630 53.070898  8.811805        0 11.74           2.9         9.041
       631 53.070882  8.811887       -1 11.55             2         5.794
       632  53.07085  8.811965       -1 11.53             2         6.339
       633 53.070815   8.81205       -1 11.61             2         6.916
       634 53.070787  8.812132       -1  11.6             2         6.333
       635 53.070763   8.81221       -1 11.37           2.1         5.886
       636 53.070725  8.812337       -1 11.07           2.9         9.526
       637 53.070693  8.812422       -1 11.03             2         6.734
       638 53.070667  8.812512       -1 11.43             2         6.707
       639 53.070635   8.81261        0 11.91             2         7.489
       640 53.070608  8.812702        0 12.37             2         6.876
       641 53.070578    8.8128       -1 12.71             2         7.386
       642 53.070555  8.812888       -1 12.76             2         6.446
       643 53.070532  8.812987       -1 12.74             2         7.130
       644 53.070502  8.813068        0 12.52             2         6.388
       645 53.070468  8.813153        0 12.55             2         6.854
       646  53.07044  8.813242        0 12.47             2         6.746
       647 53.070412  8.813325        0  12.3             2         6.392
       648 53.070382  8.813413       -1 12.56             2         6.793
       649 53.070355  8.813498       -1 12.22             2         6.457
       650 53.070328  8.813578        0 12.22             2         6.161
       651 53.070303   8.81367       -2 12.12             2         6.782
       652 53.070277  8.813763       -2  12.1             2         6.889
       653 53.070243  8.813845       -2 12.17             2         6.687
       654 53.070212  8.813935       -2 12.59             2         6.965
       655 53.070183   8.81402       -1 12.79             2         6.563
       656  53.07016  8.814098       -1  12.6             2         5.836
       657 53.070133  8.814183        0 12.57             2         6.457
       658 53.070112   8.81427        0 12.12             2         6.299
       659  53.07009  8.814355        0 11.96             2         6.217
       660 53.070067  8.814443        0 11.96             2         6.446
       661 53.070043  8.814532        0 11.87             2         6.553
       662 53.070022  8.814617        0 11.84             2         6.174
       663 53.069995  8.814697        0 11.82             2         6.161
       664  53.06997  8.814778        0 11.61           2.1         6.116
       665 53.069937    8.8149        0 11.38           2.9         8.985
       666 53.069908   8.81499        0 11.62             2         6.858
       667 53.069887   8.81508        0 11.61             2         6.486
       668 53.069862  8.815167        0 11.77             2         6.477
       669 53.069835  8.815253        0 11.89             2         6.516
       670  53.06981  8.815338        0 11.77             2         6.356
       671 53.069785  8.815428        0 11.63             2         6.660
       672 53.069768  8.815513        0 11.55             2         6.020
       673 53.069755  8.815595        0  11.3             2         5.700
       674 53.069733  8.815677        0 11.03             2         6.033
       675 53.069712  8.815762        0    11             2         6.174
       676  53.06969  8.815853        0 10.83             2         6.590
       677 53.069665  8.815948        0 11.22             2         6.966
       678  53.06964  8.816037        0 11.54             2         6.599
       679 53.069618  8.816123        0 11.71             2         6.279
       680 53.069598   8.81621        0 11.96             2         6.258
       681 53.069577    8.8163        0 11.76             2         6.486
       682 53.069555  8.816397        0 11.83             2         6.965
       683 53.069535   8.81649        0 11.82             2         6.637
       684 53.069518  8.816577        0 11.59             2         6.148
       685 53.069495  8.816668        0 11.76             2         6.632
       686 53.069463  8.816765        0 12.09             2         7.430
       687 53.069445  8.816855        0 12.03             2         6.374
       688  53.06943  8.816942        0 12.22             2         6.083
       689  53.06941  8.817033        0 12.34             2         6.510
       690 53.069387  8.817122        0 11.93             2         6.508
       691 53.069367  8.817215        0 12.06             2         6.637
       692 53.069347  8.817302        0 12.27             2         6.258
       693 53.069325   8.81739        0 12.18             2         6.403
       694 53.069308  8.817475        0 11.98             2         6.020
       695 53.069292  8.817562        0 11.86             2         6.114
       696 53.069275   8.81765        0 11.79             2         6.211
       697 53.069255  8.817747        0 11.75             2         6.890
       698 53.069242  8.817837        0 11.85             2         6.221
       699 53.069227  8.817922        0  11.7             2         5.954
       700 53.069212  8.818015        0 11.78             2         6.471
       701 53.069195  8.818098        0 11.48             2         5.892
       702 53.069172  8.818185        0 11.47             2         6.385
       703 53.069152   8.81827        0 11.48             2         6.133
       704 53.069138  8.818357        0 11.23             2         6.053
       705 53.069117  8.818443        0 11.19             2         6.237
       706 53.069105  8.818525        0 11.11             2         5.673
       707 53.069092   8.81861        0 10.89             2         5.895
       708 53.069065  8.818698        0 10.98             2         6.636
       709 53.069048  8.818783        0 11.04             2         6.020
       710 53.069033  8.818875        0 11.08             2         6.406
       711 53.069022  8.818968        0  11.4             2         6.371
       712 53.069008  8.819052        0 11.18             2         5.859
       713 53.068997  8.819145        0 11.45             2         6.371
       714 53.068983  8.819238        0 11.63             2         6.443
       715 53.068963  8.819322        0 11.61             2         6.071
       716 53.068948  8.819408        0 11.79             2         6.018
       717 53.068933  8.819497        1 11.68             2         6.212
       718 53.068917  8.819583        1 11.56             2         6.050
       719  53.06891  8.819677        1 11.69             2         6.367
       720 53.068898   8.81977        1 11.82             2         6.393
       721 53.068883  8.819858        1 11.81             2         6.147
       722  53.06887  8.819945        0 11.92             2         6.025
       723 53.068858  8.820028        0 11.71             2         5.738
       724 53.068838  8.820115        0 11.52             2         6.258
       725 53.068823  8.820202        0 11.49             2         6.083
       726 53.068815  8.820288        0 11.12             2         5.850
       727 53.068808  8.820377        0 11.07             2         6.034
       728 53.068802  8.820462        0 11.01             2         5.754
       729 53.068792  8.820548        0 10.74             2         5.888
       730 53.068778  8.820635        0 10.84             2         6.053
       731  53.06877  8.820722        0 10.75             2         5.917
       732 53.068763   8.82081        0 10.73             2         5.967
       733 53.068753    8.8209        0  10.9             2         6.152
       734 53.068742   8.82099        0 10.91             2         6.173
       735 53.068732   8.82108        0 10.98             2         6.152
       736  53.06872  8.821173        0 11.14             2         6.393
       737  53.06871  8.821265        1 11.23             2         6.284
       738   53.0687  8.821352        1 11.22             2         5.954
       739 53.068692  8.821438        0 11.28             2         5.850
       740 53.068683  8.821523        0 11.12             2         5.802
       741 53.068682    8.8216        0 10.75             2         5.179
       742 53.068673  8.821673        0 10.18             2         5.010
       743 53.068668  8.821727        0  9.03           2.2         3.675
       744 53.068663  8.821802        0  7.62           2.8         5.074
       745 53.068658   8.82184        0  6.25             2         2.618
       746 53.068658  8.821875        0   5.6             2         2.346
       747 53.068657  8.821915        0  5.18             2         2.694
       748 53.068648   8.82194        0  4.69             2         1.960
       749 53.068647   8.82199       -1  4.67             3         3.366
       750  53.06865  8.822045        0  4.58             3         3.715
       751 53.068655  8.822082       -2  4.55             2         2.552
       752 53.068643  8.822112       -2   4.6             2         2.422
       753  53.06863  8.822138       -2  4.46             2         2.273
       754 53.068622   8.82215       -2  2.54           4.8         1.206
