Serial No.  Latitude Longitude Altitude Speed Interval time Interval Dist
         1 53.068695  8.822195       -1  3.01             0             0
         2 53.068733  8.822248       -1  4.82             2         5.532
         3  53.06874  8.822353       -1  7.77             2         7.101
         4  53.06872  8.822448       -1   9.8             2         6.763
         5 53.068693  8.822538       -1 11.02             2         6.756
         6 53.068658   8.82262        0 11.54             2         6.751
         7 53.068625  8.822707        0 11.47             2         6.907
         8 53.068603  8.822803        0 11.85             2         6.903
         9  53.06859  8.822897        0  11.9             2         6.483
        10 53.068582  8.822988        0  11.8             2         6.182
        11  53.06858  8.823083        0 11.66             2         6.390
        12 53.068577  8.823185        0 11.54             2         6.865
        13 53.068577  8.823277        0 11.47             2         6.159
        14 53.068575  8.823372        0 11.37             2         6.390
        15 53.068578  8.823462        0 11.31           2.1         6.060
        16 53.068557  8.823603        0  11.2           2.9         9.761
        17 53.068562  8.823703        1 11.48             2         6.745
        18 53.068568  8.823802        1 11.75             2         6.689
        19 53.068568  8.823898        1 11.93             2         6.426
        20 53.068565   8.82399        2 11.88             2         6.194
        21  53.06856  8.824085        2  11.8             2         6.411
        22 53.068555  8.824182        2  11.8             2         6.545
        23 53.068555  8.824273        2 11.72             2         6.092
        24 53.068557  8.824365        2 11.54           2.1         6.189
        25 53.068555  8.824505        2  11.2           2.9         9.412
        26  53.06855  8.824603        2 11.15             2         6.612
        27 53.068542  8.824705        2  11.4             2         6.914
        28 53.068537    8.8248        2 11.55             2         6.411
        29 53.068533  8.824895        1  11.5             2         6.402
        30 53.068532  8.824988        1 11.57             2         6.253
        31 53.068523  8.825092        1 11.66             2         7.063
        32 53.068518  8.825187        1 11.56             2         6.411
        33 53.068517  8.825287        1 11.59             2         6.723
        34 53.068517   8.82538        1 11.71             2         6.226
        35 53.068513  8.825472        1 11.42             2         6.201
        36 53.068512  8.825575        1 11.48             2         6.925
        37  53.06851  8.825668        2 11.56             2         6.256
        38 53.068508  8.825765        2 11.66             2         6.525
        39 53.068503  8.825862        3  11.9             2         6.545
        40 53.068515  8.825953        3 11.65             2         6.262
        41 53.068515  8.826043        3 11.65             2         6.025
        42 53.068507  8.826148        3 11.62             2         7.114
        43 53.068497  8.826248        2 11.75             2         6.814
        44 53.068497  8.826348        2 12.05             2         6.694
        45 53.068497   8.82645        2 12.15             2         6.828
        46 53.068495   8.82655        2  12.2             2         6.726
        47 53.068497  8.826645        2 12.11             2         6.390
        48 53.068493  8.826735        2 11.61             2         6.067
        49 53.068493  8.826832        2 11.53             2         6.493
        50 53.068493  8.826933        2 11.61             2         6.761
        51  53.06849  8.827035        2 11.77             2         6.865
        52 53.068485  8.827138        2 12.22             2         6.946
        53 53.068477  8.827238        1 12.46             2         6.781
        54 53.068472  8.827332        1  12.2           2.1         6.344
        55 53.068473  8.827483        0 12.15           2.9         10.15
        56 53.068467  8.827583        0 12.49             2         6.756
        57 53.068462  8.827678        0 12.16           2.1         6.411
        58 53.068458  8.827817        0 11.85           2.9         9.353
        59 53.068453  8.827908        0  11.6             2         6.143
        60 53.068453  8.828003        0 11.54             2         6.360
        61 53.068455  8.828097        0 11.57             2         6.323
        62 53.068457  8.828192        0 11.54             2         6.391
        63  53.06845   8.82829        0 11.46             2         6.634
        64 53.068448  8.828385        0 11.54             2         6.391
        65  53.06845  8.828482        0 11.57             2         6.525
        66 53.068452   8.82857        1 11.46             2         5.921
        67 53.068447  8.828663        1 11.52             2         6.277
        68 53.068443  8.828762        1 11.44             2         6.670
        69  53.06844   8.82886        1 11.33             2         6.597
        70 53.068438  8.828958        1 11.72             2         6.592
        71  53.06842  8.829053        1 11.72             2         6.693
        72 53.068403  8.829157        1 11.86             2         7.243
        73 53.068392  8.829255        1 12.25             2         6.701
        74 53.068388  8.829352        0  12.1             2         6.536
        75  53.06838  8.829455        0 12.56             2         6.981
        76 53.068373  8.829558        0 12.59             2         6.968
        77 53.068372  8.829675        0 13.05             2         7.865
        78 53.068373  8.829783        0 13.59             2         7.261
        79 53.068373  8.829875        0 13.09             2         6.159
        80 53.068367  8.829967        0 12.98             2         6.221
        81  53.06835   8.83006        0 12.14             2         6.532
        82 53.068328  8.830152        0 11.79           2.1         6.652
        83   53.0683  8.830308        0 12.03           2.9         10.94
        84 53.068283   8.83041        0 12.27             2         7.113
        85 53.068262  8.830512        0 12.59             2         7.244
        86 53.068245  8.830613        0  12.6             2         7.048
        87 53.068227  8.830703        0 12.54             2         6.374
        88 53.068208    8.8308        0 12.54             2         6.855
        89 53.068193  8.830897        0 12.47             2         6.731
        90 53.068177  8.830998        0 12.54             2         7.019
        91  53.06816  8.831095        0 12.68             2         6.790
        92 53.068145    8.8312        0 12.89             2         7.253
        93  53.06813  8.831295        0 12.91             2         6.601
        94  53.06812  8.831395        0 12.87             2         6.814
        95 53.068123  8.831495        0 12.89             2         6.731
        96 53.068135  8.831598        0 12.84             2         7.052
        97 53.068143    8.8317        0 12.85             2         6.914
        98 53.068162    8.8318        0 12.86             2         7.047
        99  53.06817  8.831897        0 12.86             2         6.582
       100 53.068162  8.831997        0 12.78           2.1         6.781
       101 53.068158  8.832152        0 12.89           2.9         10.43
       102  53.06815  8.832255        0 12.87             2         6.981
       103  53.06815  8.832348        1  12.5             2         6.226
       104 53.068153  8.832455        1 12.56             2         7.201
       105 53.068157  8.832565        1 12.56             2         7.408
       106 53.068152  8.832665        1 12.67             2         6.746
       107 53.068148   8.83276        2 12.85             2         6.402
       108 53.068142  8.832853        2 12.46             2         6.288
       109 53.068143  8.832948        2 12.14             2         6.388
       110 53.068152  8.833048        2 12.08             2         6.797
       111 53.068163  8.833135        2 11.66             2         5.976
       112  53.06818  8.833228        2 11.72             2         6.532
       113 53.068188  8.833327        2 11.73             2         6.715
       114 53.068187  8.833428        3 11.54             2         6.791
       115 53.068187  8.833515        3 11.57             2         5.825
       116 53.068175  8.833605        3 11.25           2.1         6.196
       117 53.068147  8.833743        3 10.67           2.9         9.785
       118 53.068127  8.833845        3 11.01             2         7.209
       119 53.068118  8.833952        3 11.24             2         7.262
       120 53.068107  8.834052        3  11.9             2         6.833
       121 53.068102  8.834153        3 12.26             2         6.812
       122  53.06809  8.834245        3  12.1             2         6.328
       123 53.068072  8.834333        3 12.08             2         6.246
       124 53.068057  8.834423        3  11.8             2         6.277
       125 53.068045  8.834525        4 11.65             2         6.986
       126  53.06803  8.834602        4 11.14             2         5.440
       127 53.068025    8.8347        4 10.82             2         6.612
       128 53.068013  8.834807        4 11.09             2         7.316
       129 53.068002  8.834905        3 11.24             2         6.701
       130 53.067985  8.835007        3 12.04             2         7.113
       131 53.067973   8.83511        3 12.61             2         7.052
       132  53.06795  8.835205        3  12.8             2         6.881
       133 53.067927    8.8353        3 12.93             2         6.881
       134 53.067912   8.83539        3 12.75             2         6.277
       135 53.067912  8.835478        3 12.27             2         5.891
       136  53.06791  8.835565        4 11.67             2         5.854
       137 53.067892  8.835662        5 11.53             2         6.822
       138 53.067867   8.83575        5 11.32             2         6.538
       139 53.067855  8.835837        5 11.24             2         6.000
       140 53.067852  8.835942        6 11.57             2         7.066
       141 53.067843  8.836033        6 11.33             2         6.199
       142 53.067837  8.836125        6 11.48             2         6.221
       143  53.06781  8.836217        6 11.71             2         6.877
       144   53.0678  8.836313        6 11.69             2         6.549
       145 53.067792  8.836408        6 11.48             2         6.448
       146 53.067768    8.8365        6 11.47             2         6.737
       147 53.067743  8.836587        6 11.54             2         6.477
       148 53.067725  8.836673        7 11.39             2         6.119
       149 53.067702  8.836755        8 11.78             2         6.079
       150  53.06768  8.836835        9 11.52             2         5.910
       151 53.067653  8.836918        9 10.99             2         6.338
       152 53.067633  8.836995        9 11.02             2         5.636
       153 53.067593  8.837078        9 10.97             2         7.139
       154 53.067568  8.837172        7 11.25             2         6.905
       155  53.06755  8.837265        7 11.74             2         6.566
       156 53.067535  8.837352        7 11.59           2.1         6.083
       157  53.06749   8.83748        7 11.58           2.9         9.955
       158 53.067462   8.83757        7 11.69             2         6.806
       159 53.067445   8.83766        7 11.88             2         6.340
       160 53.067448  8.837748        7 11.62             2         5.926
       161 53.067433  8.837838        7 11.61             2         6.277
       162 53.067408  8.837935        7 11.77             2         7.090
       163 53.067393  8.838027        7 11.72             2         6.407
       164 53.067378  8.838118        7 12.14             2         6.342
       165 53.067368  8.838213        7 12.06             2         6.483
       166 53.067358  8.838305        7 11.95             2         6.285
       167 53.067333  8.838392        8 12.08             2         6.477
       168 53.067308  8.838472        8 12.08             2         6.056
       169 53.067277  8.838563        8 12.64             2         7.024
       170 53.067268  8.838665        8 12.83             2         6.930
       171 53.067252  8.838755        8 12.86             2         6.308
       172  53.06723  8.838853        8 12.76             2         7.029
       173 53.067207  8.838943        8 12.48             2         6.570
       174 53.067185  8.839033        8 12.19             2         6.528
       175 53.067158  8.839125        7 12.33             2         6.877
       176 53.067143  8.839218        7 12.17           2.1         6.472
       177 53.067123  8.839313        7 12.16             2         6.764
       178  53.06709  8.839455        6 12.66           2.9         10.23
       179 53.067087  8.839552        6 12.27             2         6.530
       180  53.06709  8.839652        5 12.46             2         6.731
       181 53.067098  8.839733        5 12.16             2         5.519
       182 53.067125  8.839802        4 11.13             2         5.528
       183 53.067138  8.839882        4    11             2         5.570
       184 53.067152  8.839978        4 10.93             2         6.639
       185 53.067175  8.840075        4 10.95             2         7.006
       186 53.067203  8.840167        3 11.27             2         6.926
       187 53.067232  8.840252        3 11.27             2         6.564
       188  53.06724  8.840338        3 11.07             2         5.850
       189 53.067225  8.840432        3 11.08           2.1         6.536
       190 53.067192  8.840575        3 11.54           2.9         10.29
       191  53.06718  8.840668        3 12.05             2         6.394
       192 53.067165   8.84076        3 11.97             2         6.407
       193 53.067142  8.840848        3 11.92             2         6.447
       194 53.067127  8.840935        2 11.68             2         6.083
       195 53.067112  8.841025        2 11.74             2         6.277
       196 53.067098  8.841115        2 11.72             2         6.248
       197 53.067087  8.841202        2  11.8             2         5.976
       198  53.06706  8.841302        2 12.35             2         7.364
       199 53.067045  8.841388        2 12.08             2         6.018
       200 53.067037  8.841468        2 11.48             2         5.452
       201 53.067027  8.841553        3 11.11           2.1         5.822
       202 53.067005  8.841685        3 10.28           2.9         9.204
       203 53.066983   8.84178        3 10.98             2         6.840
       204 53.066958  8.841872        3 12.01             2         6.782
       205 53.066942  8.841958        3 12.47             2         6.050
       206 53.066928  8.842053        3 12.91             2         6.574
       207  53.06692  8.842142        3 12.49             2         6.050
       208 53.066903  8.842238        3 11.98             2         6.726
       209 53.066888   8.84232        3 11.51             2         5.761
       210 53.066878  8.842387        3 10.67             2         4.641
       211 53.066868  8.842473        3 10.61             2         5.888
       212  53.06685  8.842568        3 10.87             2         6.694
       213 53.066832  8.842663        3 11.22           2.1         6.694
       214  53.06681  8.842792        3 11.34           2.9         9.010
       215 53.066793   8.84288        3 11.14             2         6.212
       216 53.066783  8.842962        3 10.62             2         5.625
       217 53.066772  8.843043        3  10.5             2         5.582
       218 53.066755  8.843133        4 10.65             2         6.340
       219 53.066738   8.84322        4 10.76             2         6.148
       220 53.066718  8.843307        3 10.86             2         6.259
       221 53.066703  8.843388        3 10.98             2         5.697
       222 53.066678   8.84352        3 11.05           3.1         9.298
       223  53.06667  8.843647        3 11.13           2.9         8.583
       224 53.066655   8.84373        3 11.16             2         5.825
       225 53.066627  8.843822        2 11.11             2         6.926
       226 53.066612  8.843915        2 11.06             2         6.472
       227   53.0666  8.843998        2 11.11             2         5.738
       228 53.066593  8.844078        2 10.83             2         5.435
       229 53.066573  8.844163        2 10.77             2         6.133
       230 53.066557  8.844247        2 10.24             2         5.922
       231 53.066542  8.844322        2 10.09             2         5.313
       232  53.06653  8.844403        2 10.17             2         5.608
       233 53.066505    8.8445        3 10.81             2         7.090
       234  53.06649  8.844578        3  10.7             2         5.504
       235  53.06648  8.844653        3  10.6             2         5.165
       236  53.06646  8.844747        3 10.96             2         6.700
       237  53.06645  8.844825        3 10.28             2         5.362
       238  53.06644  8.844913        3 10.59             2         6.020
       239 53.066455  8.844955        2  8.64             3         3.283
       240 53.066475   8.84494        2  7.37             2         2.448
       241 53.066503   8.84494        1  4.91             3         3.112
       242  53.06653  8.844942        1  4.41             2         3.012
       243 53.066553  8.844943        2  4.52             2         2.565
       244  53.06658  8.844918        4  4.09             4         3.447
       245 53.066585  8.844863        4  4.62             2         3.741
       246   53.0666  8.844795        4  5.65             2         4.868
       247 53.066605  8.844702        4  7.52             2         6.277
       248 53.066618  8.844625        4  8.83             2         5.376
       249 53.066623  8.844535        4  9.58             2         6.077
       250 53.066627  8.844437        4 10.25             2         6.603
       251 53.066633  8.844333        4 10.39             2         7.023
       252 53.066647  8.844252        4 10.47             2         5.665
       253 53.066663  8.844175        5 10.69             2         5.475
       254  53.06668  8.844093        5 10.23             2         5.829
       255 53.066702   8.84402        6  9.77             2         5.486
       256 53.066718   8.84394        6  9.79             2         5.666
       257  53.06673  8.843848        6  9.73             2         6.328
       258  53.06674  8.843755        6 10.19             2         6.351
       259 53.066753  8.843678        6  9.99             2         5.376
       260 53.066767  8.843615        6  9.41             2         4.515
       261 53.066777  8.843522        6  9.33             2         6.351
       262 53.066787  8.843435        7  8.84             2         5.954
       263 53.066802  8.843343        7   9.1             2         6.407
       264  53.06682  8.843265        8  9.58             2         5.614
       265 53.066835  8.843188        7  9.42             2         5.440
       266  53.06685  8.843103        7  9.59             2         5.954
       267 53.066863  8.843025        7  9.57             2         5.441
       268 53.066882  8.842947        7  9.33             2         5.655
       269 53.066898  8.842867        7   9.6             2         5.666
       270 53.066912  8.842782        7  9.58             2         5.924
       271 53.066927  8.842695        6  9.72             2         6.083
       272 53.066947  8.842612        6  9.91             2         6.008
       273 53.066963  8.842535        6  9.93             2         5.475
       274 53.066982   8.84245        6 10.06             2         6.094
       275 53.066988  8.842373        6   9.7             2         5.221
       276 53.066995  8.842282        6 10.03             2         6.168
       277 53.067012  8.842193        6 10.09             2         6.276
       278 53.067023  8.842115        6  9.97             2         5.386
       279 53.067038  8.842043        5 10.18             2         5.122
       280  53.06706  8.841955        5 10.07             2         6.403
       281 53.067072  8.841868        5 10.03             2         6.000
       282 53.067083  8.841775        5 10.29             2         6.371
       283 53.067098  8.841688        5 10.65             2         6.083
       284 53.067118  8.841608        5 10.46             2         5.822
       285 53.067137   8.84154        5 10.45             2         5.038
       286 53.067162  8.841458        5 10.09             2         6.176
       287 53.067177   8.84138        6  9.75             2         5.504
       288 53.067195    8.8413        6  9.89             2         5.740
       289 53.067205  8.841207        7  9.82             2         6.351
       290 53.067225  8.841128        7  9.95             2         5.760
       291 53.067247   8.84105        7 10.11             2         5.788
       292 53.067258  8.840977        7  9.82           2.1         5.059
       293 53.067273  8.840858        7  9.54           2.9         8.171
       294 53.067278  8.840755        7  9.69             2         6.947
       295  53.06729  8.840655        7  9.83             2         6.854
       296 53.067307  8.840553        7 10.24             2         7.113
       297 53.067315  8.840463        8 10.24             2         6.116
       298 53.067327   8.84039        8  9.97             2         5.087
       299 53.067342   8.84033        8  9.66             2         4.367
       300 53.067355  8.840253        8  9.49             2         5.376
       301 53.067368  8.840178        8  9.17             2         5.247
       302 53.067382    8.8401        8  9.39             2         5.471
       303 53.067398  8.840005        8  9.39             2         6.630
       304 53.067413  8.839915        8   9.5             2         6.277
       305 53.067425  8.839832        8   9.7           2.1         5.738
       306 53.067443   8.83971        8  9.97           2.9         8.442
       307 53.067462  8.839627        8 10.13             2         5.968
       308 53.067475  8.839538        8 10.18             2         6.156
       309 53.067492  8.839453        8  9.83             2         6.020
       310 53.067505  8.839387        8  9.56             2         4.669
       311 53.067513  8.839298        8  9.68             2         6.050
       312 53.067532  8.839202        8  9.64             2         6.792
       313 53.067553  8.839108        8  9.83             2         6.738
       314 53.067567  8.839025        8 10.07             2         5.794
       315 53.067587   8.83894        9  9.93             2         6.133
       316 53.067597  8.838872       10  9.38             2         4.707
       317  53.06762   8.83879       10  9.32             2         6.079
       318  53.06764  8.838715       11  8.94             2         5.513
       319 53.067653  8.838658       12  8.45             2         4.098
       320 53.067662  8.838588       12  8.52             2         4.813
       321 53.067672    8.8385       11  8.34             2         6.020
       322  53.06769   8.83841       11  8.58             2         6.374
       323 53.067703  8.838328       11  8.94             2         5.700
       324 53.067722  8.838242       11  9.38             2         6.157
       325 53.067733  8.838153       11  9.56             2         6.108
       326 53.067752  8.838077       11  9.59             2         5.531
       327 53.067778  8.838007       11  9.69             2         5.526
       328 53.067807  8.837918       11  9.91             2         6.799
       329 53.067832  8.837847       10  9.72             2         5.526
       330  53.06784  8.837768       10    10             2         5.386
       331 53.067848  8.837677       10 10.11             2         6.182
       332 53.067855  8.837595       10   9.6             2         5.568
       333  53.06786  8.837507       10  9.76             2         5.943
       334 53.067873  8.837418       11  9.87             2         6.156
       335 53.067893  8.837337       11  9.64             2         5.884
       336 53.067925  8.837253       11  9.91             2         6.677
       337 53.067955  8.837182       11  9.93             2         5.826
       338 53.067978  8.837098       11  9.51             2         6.201
       339 53.067993  8.837015       11  9.56             2         5.825
       340 53.068012  8.836938       12  9.27             2         5.593
       341 53.068022  8.836863       11  9.15             2         5.165
       342 53.068037   8.83678       11  9.61             2         5.825
       343 53.068042  8.836687       11  9.87             2         6.277
       344 53.068047  8.836593       10 10.22             2         6.344
       345  53.06806  8.836507       10 10.45             2         5.960
       346 53.068058  8.836428        9 10.19           2.1         5.317
       347 53.068073  8.836308        8  9.78           2.9         8.237
       348 53.068083  8.836217        7  9.86             2         6.218
       349 53.068093  8.836127        6  9.92             2         6.152
       350 53.068102  8.836042        6  9.84             2         5.802
       351 53.068105  8.835953        6  9.82             2         5.993
       352  53.06811   8.83586        6   9.3             2         6.277
       353  53.06812  8.835787        7  8.27           2.1         5.033
       354 53.068138  8.835677        7   8.6             2         7.661
       355  53.06814  8.835543        8  8.38           2.9         9.009
       356 53.068153  8.835468        8  9.11             2         5.247
       357 53.068168  8.835383        8  9.62             2         5.954
       358 53.068175  8.835302        8  9.43             2         5.502
       359 53.068183  8.835208        8  9.78             2         6.382
       360 53.068192  8.835122        8   9.9             2         5.868
       361 53.068202  8.835038        8  9.86             2         5.756
       362 53.068207   8.83495        8  9.87             2         5.943
       363 53.068213  8.834857        8  9.92             2         6.288
       364 53.068228  8.834783        8  9.54             2         5.249
       365 53.068248  8.834707        8  9.59             2         5.574
       366 53.068257   8.83462        8  9.69             2         5.934
       367  53.06827  8.834532        8  9.58             2         6.091
       368 53.068282  8.834437        8 10.15             2         6.525
       369 53.068293  8.834362        8 10.02             2         5.190
       370 53.068307  8.834278        9 10.14             2         5.859
       371 53.068313  8.834203        9 10.16             2         5.087
       372 53.068318  8.834122        9    10             2         5.475
       373 53.068325   8.83404        9 10.18             2         5.568
       374  53.06834  8.833955        8 10.22             2         5.954
       375 53.068348  8.833867        8 10.17             2         5.983
       376 53.068357  8.833777        8 10.19             2         6.133
       377 53.068362  8.833698        8  9.79             2         5.341
       378 53.068368  8.833617        8  9.72             2         5.487
       379 53.068377  8.833533        7  9.94             2         5.736
       380 53.068383  8.833452        7  9.96             2         5.487
       381 53.068395   8.83337        7 10.19             2         5.673
       382 53.068397   8.83328        7 10.07             2         6.055
       383 53.068402  8.833202        7  9.58             2         5.274
       384 53.068427   8.83311        7  9.67             2         6.782
       385 53.068435   8.83301        7 10.04             2         6.781
       386 53.068443  8.832908        7 10.19             2         6.914
       387 53.068445  8.832837        7 10.35             2         4.780
       388 53.068453  8.832758        7  10.2             2         5.386
       389 53.068465   8.83267        7 10.06             2         6.065
       390 53.068467  8.832582        7  9.91             2         5.921
       391 53.068465  8.832495        7  9.76             2         5.853
       392 53.068475   8.83242        8  9.52             2         5.165
       393  53.06849  8.832352        8   9.3             2         4.868
       394 53.068487  8.832267        8  9.14             2         5.725
       395 53.068502  8.832165        8  9.57             2         7.057
       396 53.068522   8.83208        8   9.8             2         6.133
       397  53.06853  8.831992        8  10.2             2         5.983
       398 53.068522  8.831902        8 10.52             2         6.116
       399 53.068523   8.83182        8  9.99             2         5.514
       400 53.068528  8.831722        7 10.47             2         6.612
       401 53.068527  8.831637        7 10.28           2.1         5.716
       402 53.068525  8.831517        6 10.18           2.9         8.069
       403 53.068532  8.831427        6 10.11             2         6.101
       404 53.068535   8.83134        6   9.8             2         5.859
       405  53.06854   8.83125        6 10.06             2         6.076
       406  53.06854  8.831162        6 10.24             2         5.891
       407 53.068547  8.831075        6  9.85             2         5.901
       408 53.068552  8.830978        6  10.1             2         6.545
       409 53.068558   8.83089        6    10             2         5.954
       410 53.068555  8.830808        6  9.97             2         5.523
       411 53.068558  8.830727        6 10.29             2         5.456
       412 53.068567  8.830638        6  10.2             2         6.067
       413  53.06857  8.830548        6 10.14             2         6.060
       414 53.068567  8.830457        6 10.08             2         6.127
       415  53.06857  8.830368        5  9.96             2         5.993
       416  53.06858  8.830282        5  9.82             2         5.888
       417 53.068585  8.830195        5  9.82             2         5.876
       418 53.068582  8.830105        6   9.7             2         6.060
       419  53.06858  8.830018        6  9.59             2         5.853
       420 53.068583  8.829925        6  9.63             2         6.261
       421 53.068592  8.829837        6  9.63             2         6.001
       422 53.068605  8.829742        6 10.04             2         6.548
       423 53.068608  8.829655        6  9.89             2         5.859
       424 53.068613  8.829563        6  9.76             2         6.210
       425 53.068617   8.82947        6  9.94             2         6.268
       426 53.068622  8.829378        6   9.6             2         6.210
       427 53.068622  8.829295        6  9.87           2.1         5.557
       428 53.068638  8.829167        6 10.17           2.9         8.786
       429 53.068647  8.829083        6 10.21             2         5.736
       430 53.068648  8.829007        6 10.31             2         5.111
       431 53.068647   8.82892        6 10.42             2         5.850
       432  53.06864   8.82884        6 10.03             2         5.435
       433 53.068638   8.82876        6  9.36             2         5.384
       434 53.068648  8.828672        6  9.33             2         6.020
       435 53.068652  8.828585        6  9.19             2         5.866
       436 53.068658  8.828495        6  9.49             2         6.087
       437 53.068662  8.828408        6  9.76           2.1         5.866
       438 53.068667  8.828278        6  9.66           2.9         8.755
       439 53.068668  8.828198        5  9.71             2         5.380
       440  53.06867  8.828118        5  9.59             2         5.384
       441 53.068675  8.828032        5   9.8             2         5.809
       442 53.068682  8.827942        6 10.04             2         6.101
       443 53.068685  8.827858        6  9.96             2         5.658
       444 53.068688  8.827777        6  9.98             2         5.456
       445 53.068687   8.82769        6 10.03             2         5.850
       446 53.068685    8.8276        6  9.84             2         6.055
       447 53.068688    8.8275        5   9.9           2.1         6.731
       448 53.068698   8.82735        6  9.39           2.9         10.14
       449 53.068695  8.827265        6  9.26             2         5.725
       450 53.068695  8.827172        6  9.45             2         6.226
       451 53.068695   8.82709        6  9.53             2         5.490
       452 53.068693  8.827008        6  9.69             2         5.518
       453 53.068692  8.826922        6 10.01             2         5.783
       454 53.068687  8.826822        6  10.4             2         6.745
       455 53.068687   8.82673        5 10.54             2         6.159
       456 53.068698  8.826648        5 10.85             2         5.648
       457 53.068715  8.826557        5 10.64             2         6.404
       458 53.068717  8.826475        5  9.91           2.1         5.518
       459 53.068718  8.826343        5  9.82           2.9         8.873
       460 53.068715   8.82625        5  9.75             2         6.261
       461 53.068718  8.826155        5  9.96             2         6.395
       462  53.06872  8.826067        5 10.06             2         5.921
       463 53.068723   8.82598        5 10.06             2         5.859
       464 53.068733  8.825893        5  9.91             2         5.954
       465 53.068732  8.825803        6  9.99             2         6.052
       466  53.06873  8.825725        6  9.75             2         5.249
       467 53.068737   8.82563        7  9.92             2         6.434
       468 53.068737  8.825535        7 10.09             2         6.360
       469 53.068743  8.825442        7 10.18             2         6.288
       470 53.068747  8.825348        6 10.28             2         6.335
       471 53.068748  8.825265        6 10.43             2         5.582
       472  53.06875  8.825183        6 10.38             2         5.518
       473 53.068762   8.82509        6 10.54             2         6.393
       474 53.068767  8.824993        5 10.81             2         6.545
       475 53.068768  8.824893        5 11.02             2         6.723
       476 53.068775  8.824802        5 11.16             2         6.167
       477 53.068783   8.82471        6 11.21             2         6.249
       478 53.068798  8.824602        6  11.7             2         7.449
       479 53.068798  8.824512        6 11.56           2.1         6.025
       480 53.068793  8.824402        6 11.19           2.9         7.415
       481 53.068793  8.824322        5 10.13             2         5.356
       482 53.068798   8.82423        5  9.84             2         6.210
       483   53.0688  8.824147        5  9.99             2         5.585
       484   53.0688  8.824058        5 10.33             2         5.958
       485 53.068802  8.823975        5 10.28             2         5.585
       486 53.068798  8.823892        5  9.77             2         5.598
       487 53.068797  8.823817        5  9.51             2         5.044
       488 53.068803  8.823733        5  9.01             2         5.687
       489 53.068805  8.823643        5  9.25             2         6.055
       490 53.068803   8.82355        5  9.66             2         6.256
       491 53.068807  8.823457        5  9.95             2         6.268
       492 53.068808  8.823372        6 10.13             2         5.716
       493 53.068815  8.823292        6  9.91           2.1         5.435
       494 53.068828  8.823168        5  9.52           2.9         8.459
       495 53.068827  8.823088        5  9.31             2         5.380
       496 53.068835  8.823008        5  9.11             2         5.452
       497 53.068855  8.822913        5  9.53             2         6.763
       498 53.068862  8.822815        5  9.94             2         6.634
       499 53.068872  8.822722        5 10.35             2         6.351
       500 53.068892  8.822635        5 10.56             2         6.258
       501 53.068905  8.822557        4  9.97             2         5.441
       502 53.068915  8.822467        4  9.83             2         6.152
       503 53.068922  8.822375        4  9.71             2         6.234
       504 53.068928  8.822295        4  9.52             2         5.420
       505 53.068942  8.822222        4  9.54             2         5.150
       506 53.068963   8.82214        4  9.42             2         5.988
       507 53.068977  8.822043        4  9.61             2         6.704
       508 53.068992  8.821957        4  9.81             2         6.018
       509 53.069003  8.821875        4 10.17             2         5.648
       510 53.069018  8.821802        4  9.96             2         5.185
       511 53.069032  8.821715        4  9.97             2         6.053
       512 53.069047  8.821623        4 10.27             2         6.406
       513 53.069062  8.821538        4 10.29             2         5.954
       514 53.069072   8.82146        5 10.43             2         5.361
       515 53.069087  8.821373        5 10.22             2         6.083
       516 53.069097  8.821298        5  9.78             2         5.164
       517 53.069112  8.821217        5  9.49             2         5.696
       518 53.069128  8.821123        5  9.64             2         6.565
       519 53.069147  8.821032        4  9.71             2         6.473
       520 53.069155  8.820938        4 10.18             2         6.382
       521 53.069175  8.820853        4 10.27             2         6.133
       522  53.06919  8.820773        5  10.2             2         5.632
       523   53.0692  8.820692        5 10.04             2         5.559
       524 53.069207  8.820603        5  9.74             2         6.034
       525 53.069217  8.820513        5  9.96             2         6.152
       526 53.069225  8.820428        5 10.14           2.1         5.784
       527 53.069237   8.82029        5 10.65           2.9         9.371
       528 53.069258  8.820205        5 10.72             2         6.174
       529 53.069287  8.820125        4 10.69             2         6.273
       530 53.069295   8.82004        4 10.53             2         5.784
       531  53.06931  8.819948        4 10.58             2         6.406
       532 53.069335  8.819858        4  10.5             2         6.660
       533  53.06936  8.819772        4 10.69             2         6.417
       534 53.069373  8.819682        4 10.67             2         6.221
       535 53.069397  8.819542        4 10.47             3         9.781
       536 53.069395  8.819448        5  10.7             2         6.323
       537 53.069412  8.819355        5 10.69           2.1         6.532
       538 53.069427  8.819213        5 10.72           2.9         9.688
       539  53.06944  8.819135        5 10.38             2         5.440
       540  53.06946  8.819048        5 10.32             2         6.258
       541 53.069485  8.818965        5 10.28             2         6.236
       542 53.069507   8.81888        5 10.04             2         6.217
       543 53.069515  8.818795        5 10.09           2.1         5.784
       544 53.069545  8.818652        5  9.82           2.9         10.17
       545 53.069565  8.818558        5 10.08             2         6.700
       546 53.069585  8.818462        6 10.69             2         6.827
       547 53.069607  8.818375        6 11.02             2         6.341
       548 53.069627   8.81829        6 11.06           2.1         6.133
       549 53.069653  8.818158        6 11.13           2.9         9.332
       550  53.06967  8.818068        6 11.28             2         6.340
       551   53.0697  8.817982        5  11.4             2         6.677
       552 53.069717  8.817887        5 11.71             2         6.661
       553  53.06973    8.8178        5 11.57             2         6.025
       554 53.069747  8.817727        5 10.95             2         5.261
       555 53.069772  8.817638        5 10.85             2         6.599
       556 53.069792  8.817547        5 10.64             2         6.510
       557 53.069805  8.817452        5  10.8             2         6.548
       558 53.069825  8.817357        5 11.34             2         6.763
       559 53.069837  8.817268        5 11.22           2.1         6.131
       560  53.06986   8.81714        5 11.15           2.9         8.976
       561 53.069877  8.817047        5 10.73             2         6.532
       562 53.069888  8.816955        5 10.63             2         6.305
       563 53.069908  8.816863        5 10.64             2         6.573
       564 53.069927  8.816773        6 10.53             2         6.409
       565 53.069943  8.816685        6 10.26             2         6.178
       566 53.069968  8.816602        6 10.18             2         6.236
       567 53.069988   8.81652        6   9.8             2         5.946
       568 53.070017  8.816427        6  9.77             2         7.036
       569 53.070045   8.81633        6 10.28             2         7.227
       570 53.070067  8.816252        6 10.25             2         5.788
       571 53.070088  8.816173        6 10.72             2         5.803
       572 53.070113  8.816095        5  11.1             2         5.937
       573 53.070133   8.81602        5 10.82           2.1         5.512
       574 53.070158  8.815888        4 11.08           2.9         9.298
       575  53.07018  8.815797        4 11.29             2         6.589
       576 53.070198  8.815712        4 11.28             2         6.056
       577 53.070222  8.815628        4 11.32             2         6.247
       578 53.070247  8.815547        4 11.21             2         6.116
       579 53.070275  8.815463        4 11.15             2         6.450
       580   53.0703  8.815378        4 11.09             2         6.356
       581 53.070337   8.81525        4 10.89             3         9.538
       582 53.070355  8.815163        3 10.92             2         6.183
       583 53.070375  8.815073        3 11.13             2         6.447
       584 53.070402  8.814993        3    11             2         6.161
       585 53.070425  8.814915        3 11.12             2         5.836
       586 53.070448  8.814832        3 11.25             2         6.139
       587  53.07047  8.814742        4 11.04             2         6.527
       588 53.070485  8.814653        4 11.12             2         6.212
       589 53.070508  8.814565        3 11.02             2         6.446
       590 53.070532  8.814478        3 11.29             2         6.430
       591  53.07055  8.814383        3 11.44             2         6.693
       592 53.070567  8.814303        3 11.36             2         5.702
       593 53.070577  8.814227        3 11.11             2         5.230
       594 53.070602  8.814138        3 10.79             2         6.599
       595 53.070622   8.81405        4 10.52           2.1         6.321
       596 53.070658  8.813912        4 10.97           2.9         10.10
       597 53.070682  8.813815        4 11.17             2         7.047
       598 53.070705  8.813725        4 11.39             2         6.570
       599 53.070738   8.81363        4 11.29             2         7.367
       600 53.070763  8.813538        4 11.36             2         6.782
       601 53.070783  8.813447        4 11.18             2         6.510
       602 53.070807  8.813363        4 11.07             2         6.247
       603 53.070835   8.81329        4 10.68             2         5.814
       604 53.070862   8.81321        4 10.55             2         6.161
       605  53.07089  8.813133        4 10.55             2         6.043
       606 53.070922  8.813057        4  10.5             2         6.229
       607 53.070947  8.812985        4 10.56             2         5.584
       608 53.070973  8.812918        4 10.19             2         5.355
       609 53.070998  8.812852        3  9.77             2         5.239
       610 53.071027  8.812783        3  9.42             2         5.652
       611 53.071053  8.812712        3  9.38             2         5.583
       612 53.071077  8.812642        4  9.33             2         5.412
       613 53.071098  8.812558        4  9.75             2         6.112
       614 53.071123  8.812473        4 10.26             2         6.356
       615 53.071155  8.812392        5 10.66             2         6.507
       616 53.071182  8.812307        4 11.23             2         6.457
       617  53.07121  8.812223        4 11.56             2         6.450
       618 53.071233   8.81214        4 11.68             2         6.139
       619 53.071257  8.812063        4 11.48             2         5.826
       620  53.07128   8.81198        4 11.36             2         6.139
       621 53.071297  8.811895        4 11.08             2         6.020
       622 53.071325  8.811827        4 10.54             2         5.534
       623 53.071348  8.811765        4  9.89           2.1         4.893
       624  53.07138   8.81165        4   8.9           2.9         8.511
       625 53.071415  8.811557        4  9.58             2         7.366
       626 53.071447  8.811472        4 10.47           2.1         6.734
       627  53.07148  8.811355        4 11.52           2.9         8.679
       628 53.071508  8.811293        4  11.1             2         5.206
       629  53.07153  8.811223        4 10.41             2         5.306
       630 53.071548  8.811145        5 10.05             2         5.614
       631 53.071572  8.811078        5  9.89             2         5.238
       632 53.071597  8.811012        5   9.8             2         5.239
       633 53.071622  8.810942        5  9.82             2         5.468
       634 53.071643  8.810877        5  9.43             2         4.957
       635 53.071662  8.810803        5  9.19             2         5.406
       636 53.071678  8.810723        5  9.13             2         5.666
       637 53.071697  8.810637        5  9.16             2         6.156
       638  53.07172  8.810553        5  9.47             2         6.200
       639 53.071748  8.810462        5 10.73             2         6.865
       640 53.071778  8.810353        5 12.18             2         8.051
       641 53.071798  8.810233        4 13.57             2         8.367
       642 53.071823  8.810107        4 15.05           2.1         8.914
       643 53.071857  8.809925        3 15.81           2.9         12.80
       644  53.07188  8.809805        3 15.92             2         8.462
       645 53.071905  8.809693        3 15.88             2         8.026
       646 53.071927  8.809592        3 15.02             2         7.217
       647 53.071947  8.809492        3 14.18             2         7.081
       648 53.071968  8.809387        3 13.75             2         7.435
       649 53.071993  8.809285        4 13.17             2         7.399
       650  53.07202  8.809188        4 13.17             2         7.180
       651 53.072047  8.809092        4 13.22             2         7.119
       652 53.072078  8.808993        4 13.02             2         7.496
       653  53.07211  8.808892        4 13.23             2         7.667
       654 53.072145  8.808807        4    13             2         6.916
       655 53.072165  8.808738        3 12.33             2         5.146
       656 53.072188  8.808665        3 11.69             2         5.536
       657 53.072217  8.808593        3 11.02             2         5.819
       658  53.07224  8.808515        3 10.54             2         5.836
       659  53.07227   8.80844        3 10.57             2         6.048
       660 53.072295  8.808367        2 10.57             2         5.642
       661 53.072322  8.808287        2 10.56             2         6.161
       662 53.072347  8.808202        2 10.84             2         6.356
       663 53.072372  8.808118        2 11.05             2         6.295
       664   53.0724   8.80804        2 11.28           2.1         6.100
       665 53.072452  8.807918        2 11.51           2.9         10.04
       666 53.072483  8.807833        2 11.52             2         6.675
       667 53.072527  8.807752        2 11.84             2         7.324
       668 53.072562  8.807678        3 11.81             2         6.319
       669 53.072602  8.807598        3 11.86             2         6.982
       670  53.07264  8.807515        4  12.1             2         7.002
       671 53.072677  8.807428        4 12.11             2         7.153
       672 53.072722  8.807337        4 13.04             2         7.906
       673 53.072758  8.807245        4 13.41             2         7.369
       674 53.072813  8.807143        4 14.52             2         9.191
       675 53.072865   8.80705        4 15.45             2         8.519
       676  53.07292  8.806962        4 15.78             2         8.513
       677 53.072978  8.806877        4 16.04             2         8.621
       678  53.07303  8.806783        4  15.8             2         8.568
       679 53.073092  8.806688        4 16.02             2         9.402
       680 53.073132  8.806588        4 15.73             2         8.062
       681 53.073157  8.806472        4 15.95             2         8.278
       682 53.073177   8.80636        5 15.44             2         7.850
       683 53.073202  8.806267        5 14.24             2         6.843
       684 53.073212  8.806215        5 11.96             2         3.671
       685 53.073217  8.806202        5 10.59           1.6         1.040
