681550 99999 ELLISRAS                      SF      FAER  -23.683 +027.700 +0839.0 19970603 20161210
681560 99999 ELLISRAS                      SF            -23.733 +027.683 +0851.0 19880106 20051008
681590 99999 CUMBERLAND                    SF            -23.967 +026.917 +0857.0 19980301 20041214
681620 99999 MARNITZ                       SF            -23.150 +028.217 +0947.0 19560201 20050807
681630 99999 MARKEN                        SF            -23.600 +028.383 +0996.0 20041113 20161210
681710 99999 ALLDAYS                       SF            -22.683 +029.100 +0839.0 19980301 20050516
681715 99999 KING SHAKA INTL AIRPORT       SF            -29.630 +031.130 +0127.0 20100430 20100825
681740 99999 POLOKWANE                     SF      FAPB  -23.867 +029.450 +1224.0 19490101 20140121
681760 99999 MARA                          SF            -23.150 +029.567 +0897.0 19590101 20161210
681780 99999 LOUIS TRICHARDT               SF            -23.150 +029.700 +0945.0 19970605 20051022
681800 99999 MESSINA-MACUVILLE             SF            -22.267 +029.900 +0525.0 19651101 20091128
681810 99999 TSHIPISE                      SF            -22.617 +030.167 +0527.0 19980301 20160123
681820 99999 LEVUBU                        SF            -23.083 +030.283 +0706.0 19730101 20161210
681830 99999 THOHOYANDOU                   SF      FATH  -23.067 +030.383 +0618.0 19970601 20161210
681840 99999 LYDENBURG                     SF            -25.100 +030.467 +1425.0 19620801 20161210
681844 99999 MAIEPSKOP(SAAFB)              SF      FAMR  -24.550 +030.867 +0000.0 19880106 19880913
681850 99999 LYDENBURG                     SF            -25.100 +030.467 +1434.0 19980301 20150426
681860 99999 TZANEEN                       SF            -23.833 +030.150 +0716.0 20020617 20161210
681863 99999 TZANEEN                       SF      FATZ  -23.824 +030.329 +0583.4 20020423 20150511
681880 99999 TZANEEN-GRENSHOEK             SF            -23.767 +030.067 +0896.0 19980301 20161210
681900 99999 PHALABORWA                    SF      FAPH  -23.937 +031.155 +0436.5 19580101 20140526
681903 99999 GRAVELOTTE                    SF      FAGV  -23.900 +030.683 +0000.0 19881208 19900729
681910 99999 PHALABORWA                    SF            -23.933 +031.150 +0407.0 19970603 20140526
681920 99999 THOHOYANDOU                   SF            -22.967 +030.500 +0600.0 19941004 20050916
681940 99999 PAFURI                        SF            -22.450 +031.317 +0202.0 19980301 20011109
681960 99999 PUNDA MARIA                   SF            -22.683 +031.017 +0457.0 20080624 20161210
682120 99999 HARDAP                        WA            -24.533 +017.933 +1100.0 19600101 20161210
682200 99999 KHUTSE                        BC            -23.667 +024.167 +1100.0 20040601 20050908
682260 99999 TSHANE                        BC      FBTE  -24.017 +021.883 +1100.0 19590101 20161210
682300 99999 MABUASEHUBE                   BC            -25.033 +022.133 -0999.0 20010918 20051029
682320 99999 KHUTSE                        BC            -23.800 +024.433 -0999.0 20020113 20040609
682340 99999 JWANENG                       BC      FBJW  -24.602 +024.691 +1188.7 19880801 20161210
682390 99999 POMFRET                       SF            -25.833 +023.533 +1181.0 19980301 20050131
682400 99999 SIR SERETSE KHAMA INTL        BC      FBSK  -24.555 +025.918 +1005.5 19850102 20161210
682410 99999 MADIKWE GAME RESERVE          SF            -24.683 +026.200 +1027.0 20081025 20161210
682413 99999 LOKALENG                      SF            -25.800 +025.550 +1277.0 19870720 19910627
682420 99999 MAFIKENG                      SF      FAMM  -25.798 +025.548 +1274.4 19580601 20161210
682425 99999 MAFIKENG                      SF      FAMK  -25.883 +025.650 +1400.0 19880106 19901024
682430 99999 DOORNLAAGTE                   SF            -24.600 +026.517 +0946.0 19980301 20050226
682440 99999 GABORONE                      BC            -24.667 +025.917 +1000.0 19580101 20160904
682443 99999 BOGUS BOTSWANA                BC      FBVZ                           19890223 19900830
682500 99999 PILANSBERG                    SF            -25.333 +027.167 +1043.0 19881001 20040721
682513 99999 BREDASDORP                    SF            -34.533 +020.033         19880202 19891002
682520 99999 RUSTENBURG                    SF            -25.717 +027.300 +1157.0 19580101 20050501
682530 99999 THABAZIMBI                    SF      FATI  -24.583 +027.417 +0977.0 19980301 20161210
682550 99999 RUSTENBURG                    SF            -25.650 +027.233 +1151.0 19980301 20161202
682570 99999 PILANESBERG                   SF            -25.250 +027.217 +1086.0 20040612 20161210
682580 99999 GOEDEHOOP                     SF            -24.233 +028.033 +1200.0 19730101 20161210
682610 99999 BOLEPI HOUSE                  SF            -25.817 +028.250 +1517.0 20131210 20161210
682620 99999 PRETORIA(MET)                 SF      FAPR  -25.733 +028.183 +1322.0 19490101 20161210
682623 99999 WATERKLOOF (SAAF)             SF            -25.833 +028.217 +1506.0 19870720 19901128
682630 99999 PRETORIA/IRENE                SF      FAIR  -25.917 +028.217 +1500.0 19910108 20161210
682635 99999 LANSERIA                      SF      FALA  -25.939 +027.926 +1376.8 19900323 20161210
682640 99999 WATERKLOOF AFB                SF      FAWK  -25.830 +028.223 +1505.7 19910108 20161210
682643 99999 WONDERBOOM                    SF      FAWB  -25.654 +028.224 +1248.2 20060220 20161210
682645 99999 MAKHADO AFB                   SF      FALM  -23.160 +029.697 +0935.4 20080610 20161209
682650 99999 GRAND CENTRAL                 SF            -25.983 +028.133 +1621.0 20131210 20150612
682670 99999 ERMELO                        SF            -26.500 +029.983 +1766.0 19980301 20161210
682671 99999 GRAND CENTRAL                 SF      FAGC  -25.986 +028.140 +1623.1 20040518 20150612
682672 99999 JOHANNESBURG B/G              SF      FAJB  -26.150 +028.000 +1626.0 20040510 20161210
682673 99999 RUSTENBURG                    SF      FARG  -25.644 +027.271 +1127.8 20040510 20130712
682674 99999 SPRINGS                       SF      FASI  -26.248 +028.398 +1627.6 20040510 20160407
682675 99999 MAHALAPYE                     BC      FBMP  -23.083 +026.800 +0991.0 20040518 20080307
682676 99999 SELEBI PHIKWE                 BC      FBSP  -22.058 +027.829 +0891.5 20040518 20161210
682677 99999 PIETERSBURG                   SF      FAPB  -23.867 +029.433 +1222.0 20050217 20161210
682678 99999 GREYTOWN                      SF      FAGY  -29.122 +030.587 +1076.2 20150511 20150511
682680 99999 WARMBAD TOWOOMBA              SF            -24.900 +028.333 +1132.0 19630601 20161210
682690 99999 PRETORIA-UNISA                SF            -25.767 +028.200 +1439.0 20030317 20161210
682710 99999 KOPANE                        SF            -24.200 +029.000 +1097.0 19970603 20161210
682720 99999 OUDESTAD                      SF            -25.183 +029.333 +0949.0 19881130 20161210
682730 99999 WITBANK                       SF            -25.833 +029.183 +1550.0 19980301 20161210
682760 99999 POTGIETERSRUS                 SF            -24.183 +029.017 +1118.0 19730101 20050820
682770 99999 MIDDELBURG DAM                SF            -25.767 +029.550 +1527.0 19980301 20051009
682850 99999 BELFAST                       SF            -25.692 +030.034 +1879.0 20131210 20161210
682860 99999 GRASKOP-SKOOL                 SF            -24.933 +030.833 +1441.0 20020521 20020521
682870 99999 GRASKOP                       SF            -24.933 +030.850 +1436.0 19980301 20161210
682880 99999 NELSPRUIT                     SF            -25.433 +030.983 +0674.0 19730101 20060219
682883 99999 NELSPRUIT         &           SF      FANS  -25.450 +030.967 +0660.0 19871204 19880218
682884 99999 HOEDSPRUIT (SAAF)             SF            -24.367 +031.067 +0533.0 19870720 19910627
682890 99999 NELSPRUIT                     SF      FANS  -25.433 +030.983 +0883.0 19980301 20161210
682900 99999 HOEDSPRUIT AFB                SF      FAHS  -24.369 +031.049 +0531.3 19920220 20161210
682903 99999 GARIEP DAM                    SF      FAHV  -30.562 +025.528 +1272.8 20150511 20150511
682904 99999 KRUGER MPUMALANGA INTL        SF      FAKN  -25.383 +031.106 +0862.3 20060716 20161210
682905 99999 PILANESBERG INTL              SF      FAPN  -25.334 +027.173 +1040.0 20050413 20161210
682910 99999 HOEDSPRUIT                    SF            -24.350 +031.050 +0510.0 19980301 20161210
682920 99999 FLEUR DE LYS                  SF            -24.533 +031.033 +0620.0 19741008 20040517
682950 99999 SKUKUZA AWS                   SF            -24.983 +031.583 +0150.0 20160422 20160422
682960 99999 SKUKUZA                       SF            -24.983 +031.600 +0271.0 19591101 20161210
682965 99999 BARBERTON                     SF      FABN  -25.733 +031.000 +0000.0 19881225 19910117
682970 99999 KOMATIDRAAI                   SF            -25.517 +031.900 +0183.0 19980301 20161210
682974 99999 WITBANK                       SF      FAWI  -25.832 +029.192 +1547.8 19990116 20150511
682980 99999 LOMAHASHA                     WZ      FDLM  -25.983 +031.983 +0570.0 20081002 20150723
682990 99999 PIGGS PEAK                    WZ      FDPP  -25.967 +031.250 +1099.0 20070228 20161210
683000 99999 LUDERITZ (DIAZ POINT)         WA            -26.683 +015.250 +0139.0 19490103 20161210
683005 99999 LUDERITZ                      WA      FYLZ  -26.687 +015.243 +0139.3 20000412 20161210
683007 99999 VEREENIGING                   SF      FAVV  -26.566 +027.961 +1477.1 19990114 20161210
683120 99999 KEETMANSHOOP                  WA      FYKT  -26.540 +018.111 +1068.6 19490104 20161210
683200 99999 WERDA                         BC      FBWD  -25.267 +023.250 +1046.0 20030330 20161209
683210 99999 SWARTKOPS AFB                 SF      FASK  -25.817 +029.167 +1457.0 20040611 20121019
683220 99999 TWEE RIVIEREN                 SF            -26.467 +020.617 +0879.0 19730101 20161210
683250 99999 GOOD HOPE                     BC            -25.450 +025.417 +1275.0 20040512 20161210
683280 99999 TSABONG                       BC      FBTS  -26.050 +022.450 +1000.0 19580101 20161210
683290 99999 VAN ZYLSRUS                   SF            -26.883 +022.050 +0928.0 19980301 20161208
683300 99999 VANZYLSRUS                    SF            -26.883 +022.050 +0932.0 19870510 20040813
683304 99999 LOUIS TRICHARDT AFB           SF            -23.150 +029.683 +0959.0 19900328 20081024
683310 99999 KATHU                         SF            -27.667 +023.000 +1186.0 19980301 20161210
683320 99999 KURUMAN                       SF            -27.467 +023.433 +1318.0 19570801 20041206
683330 99999 KURUMAN                       SF            -27.433 +023.450 +1315.0 20060609 20161210
683350 99999 TAUNG                         SF            -27.550 +024.767 +1100.0 19980301 20161210
683354 99999 SISHEN                        SF      FASS  -27.650 +023.000 +1172.9 19990115 20150511
683380 99999 VRYBURG                       SF      FAVB  -26.982 +024.729 +1194.8 19560101 20161210
683410 99999 LICHTENBURG                   SF      FALI  -26.176 +026.185 +1485.9 19980301 20161210
683420 99999 OTTOSDAL                      SF            -26.817 +026.017 +1500.0 19730102 20161210
683430 99999 BLOEMHOF                      SF            -27.650 +025.617 +1128.0 19980301 20161210
683440 99999 PLESSISDRAAI                  SF            -27.983 +026.133 +1254.0 19570801 20020828
683450 99999 WELKOM                        SF            -28.000 +026.667 +1342.0 19980301 20161210
683460 99999 WELKOM                        SF      FAWM  -27.998 +026.670 +1340.8 19730101 20030730
683463 99999 RAND                          SF      FAGM  -26.243 +028.151 +1671.2 19870721 20161210
683465 99999 ERMELO                        SF      FAEO  -26.496 +029.980 +1737.4 19881223 20161210
683470 99999 P C PELSER                    SF      FAKD  -26.871 +026.718 +1354.5 19980408 20161210
683490 99999 VENTERSDORP                   SF      FAVE  -26.320 +026.820 +1496.0 19980303 20161122
683500 99999 POTCHEFSTROOM                 SF            -26.733 +027.067 +1351.0 19561001 20161210
683510 99999 POTCHEFSTROOM                 SF      FAPS  -26.671 +027.082 +1377.7 19800301 20150511
683520 99999 KROONSTAD                     SF      FAKS  -27.661 +027.316 +1432.6 19601201 20120127
683530 99999 VEREENIGING                   SF            -26.567 +027.950 +1481.0 19980301 20161210
683550 99999 KROONSTAD                     SF            -27.633 +027.233 +1432.0 19980301 20161210
683610 99999 JOHANNESBURG BOT. GARDENS     SF            -26.150 +028.000 +1626.0 20040910 20161210
683620 99999 FRANKFORT                     SF      FAFF  -27.267 +028.500 +1503.0 19490101 20161210
683630 99999 SPRINGS                       SF            -26.200 +028.450 +1588.0 20041118 20160407
683670 99999 HENDRINA/PRIVATE              SF            -26.017 +029.600 +1576.0 20040610 20041209
683680 99999 JOHANNESBURG INTL             SF      FAJS  -26.139 +028.246 +1694.1 19560101 20161210
683685 99999 MARGATE                       SF            -30.850 +030.333 +0155.0 19970701 20030730
683690 99999 GERMISTON                     SF            -26.250 +028.150 +1668.0 20050925 20050925
683700 99999 BETHAL                        SF            -26.467 +029.450 +0838.0 19730101 20160229
683710 99999 HEIDELBERG                    SF            -26.517 +028.367 +1560.0 20040311 20050824
683720 99999 STANDERTON                    SF            -26.933 +029.233 +1564.0 19591001 20081217
683750 99999 VREDE                         SF            -27.433 +029.167 +1671.0 20040727 20161210
683770 99999 NEWCASTLE                     SF            -27.767 +029.983 +1238.0 19980301 20161210
683780 99999 NEWCASTLE                     SF            -27.733 +029.917 +1235.0 19560301 20050505
683783 99999 NEWCASTLE                     SF      FANC  -27.771 +029.977 +1241.8 19871218 20071127
683784 99999 VRYHEID                       SF      FAVY  -27.783 +030.800 +1158.0 19970902 20030718
683800 99999 CAROLINA                      SF      FACL  -26.067 +030.117 +1700.0 19580501 20150423
683801 99999 COOKHOUSE                     SF      FACH  -32.767 +025.750 +0900.0 20050507 20161105
683820 99999 JERICHO                       WZ      FDJR  -27.162 +031.439 +0701.0 20110701 20161210
683830 99999 NDZEVANE                      WZ      FDND  -26.957 +031.955 +0207.0 20120101 20160614
683850 99999 PIET RETIEF                   SF            -27.017 +030.800 +1235.0 19980301 20061219
683860 99999 NYONYANE                      WZ      FDNY  -26.115 +031.450 +0320.0 20120101 20161210
683870 99999 VRYHEID                       SF            -27.783 +030.800 +1163.0 19980301 20161210
683880 99999 PIET RETIEF                   SF            -27.033 +030.800 +1238.0 19560701 20060317
683900 99999 MAYIWANNE                     WZ      FDMY  -25.883 +031.500 +0480.0 20070301 20161210
683910 99999 MBABANE                       WZ            -26.333 +031.133 +1193.0 20070228 20160429
683920 99999 NHLANGANO                     WZ            -27.050 +031.100 +1102.0 20070330 20161210
683921 99999 NDZEVANE                      WZ            -26.957 +031.955 +0207.0 20110901 20120324
683922 99999 NYONYANE                      WZ            -26.115 +031.450 +0320.0 20110901 20120324
683923 99999 MOTI                          WZ      FDOT  -26.704 +031.426 +0341.0 20110901 20150529
683924 99999 MUSI                          WZ      FDUS  -26.722 +030.912 +0956.0 20110901 20161210
683925 99999 VUVULANE                      WZ      FDVV  -26.082 +031.886 +0276.0 20110901 20130307
683930 99999 LAVUMISA                      WZ      FDLV  -27.267 +031.817 +0315.0 20070228 20160528
683935 99999 NSOKO AIRFIELD                WZ      FDNS  -27.017 +031.933 +0671.0 20100420 20100420
683950 99999 HLATHIKHULU                   WZ      FDHL  -26.967 +031.317 +1190.0 20070228 20150425
683960 99999 MATSAPHA                      WZ      FDMS  -26.529 +031.308 +0632.5 19730101 20161210
683970 99999 MBAZWANA AIRFIELD             SF            -27.467 +032.583 +0061.0 20091027 20161210
683980 99999 SITEKI                        WZ      FDST  -26.433 +031.950 +0667.0 20030214 20161210
683990 99999 BIG BEND                      WZ      FDBB  -26.850 +031.917 +0094.0 20070228 20161210
684000 99999 MAKATINI                      SF            -27.383 +032.183 +0063.0 19941005 20161210
684030 99999 ALEXANDER BAY                 SF      FAAB  -28.575 +016.533 +0029.9 19970701 20161210
684060 99999 ALEXANDER BAY                 SF            -28.567 +016.533 +0021.0 19560101 20050727
684080 99999 PORT NOLLOTH                  SF            -29.233 +016.867 +0010.0 19490101 20161210
684110 99999 VIOOLSDRIF                    SF            -28.700 +017.600 +0168.0 19980301 20161210
684150 99999 DURNACOL                      SF            -28.117 +029.967 +1500.0 20041112 20041118
684160 99999 POFADDER                      SF            -29.133 +019.383 +0990.0 19550103 20161210
684240 99999 UPINGTON                      SF      FAUP  -28.399 +021.260 +0850.7 19560101 20161210
684250 99999 AUGRABIES FALLS               SF            -28.600 +020.350 +0635.0 20131210 20161210
684290 99999 POSTMASBURG                   SF            -28.333 +023.067 +1321.0 19980301 20161210
684300 99999 POSTMASBURG                   SF            -28.317 +023.067 +1323.0 20040523 20050903
684380 99999 KIMBERLEY                     SF      FAKM  -28.803 +024.765 +1204.0 19490101 20161210
684381 99999 KOMATIPOORT                   SF      FAKP  -25.433 +031.933 +0152.0 20081021 20081021
684420 99999 BLOEMFONTEIN INTL             SF      FABL  -29.093 +026.302 +1358.8 19490101 20161210
684430 99999 BLOEMFONTEIN CITY             SF            -29.117 +026.183 +1406.0 20060608 20161210
684470 99999 GLEN COLLEGE AWS              SF            -28.950 +026.333 +1303.0 20131210 20161210
684490 99999 FICKSBURG                     SF            -28.817 +027.900 +1614.0 19980301 20161210
684520 99999 MOKHOTLONG                    LT            -29.267 +029.133 +2200.0 19840501 20051019
684533 99999 MOSHOESHOE I INTL             LT      FXMM  -29.462 +027.553 +1630.1 19870720 20161210
684540 99999 MEJAMETALANA                  LT      FXMU  -29.304 +027.503 +1556.0 19740731 20161210
684560 99999 QACHA'S NEK                   LT            -30.067 +028.700 +1970.0 19840601 20071127
684610 99999 BETHLEHEM                     SF      FABM  -28.248 +028.336 +1695.0 19800301 20161210
684620 99999 BETHLEHEM                     SF            -28.167 +028.767 +1600.0 19570801 20050213
684710 99999 VAN REENEN                    SF            -28.367 +029.383 +1680.0 19980301 20161210
684740 99999 ROYAL NATAL NAT. PARK         SF            -28.683 +028.950 +1392.0 19980301 20161210
684750 99999 ESHOWE                        SF      FAES  -28.883 +031.450 +0487.0 20040426 20051227
684760 99999 LADYSMITH                     SF      FALY  -28.582 +029.750 +1081.4 19840103 20150511
684780 99999 ESTCOURT                      SF            -29.000 +029.883 +1144.0 19570101 20161210
684790 99999 LADYSMITH                     SF            -28.567 +029.767 +1069.0 19970715 20161210
684810 99999 PONGOLA                       SF            -27.417 +031.600 +0312.0 19970701 20161210
684850 99999 MOOI RIVER                    SF            -29.217 +030.000 +1393.0 20131210 20161210
684870 99999 GREYTOWN                      SF            -29.083 +030.600 +1029.0 19970715 20161210
684880 99999 BABANANGO                     SF            -28.367 +031.217 +0768.0 19950110 20161210
684910 99999 CHARTERS CREEK                SF            -28.200 +032.417 +0009.0 19980301 20161210
684930 99999 PRINCE MANGOSUTHU BUTHELEZI   SF      FAUL  -28.321 +031.417 +0524.3 19970715 20161210
684940 99999 MANDINI                       SF            -29.150 +031.400 +0112.0 19980301 20161210
684950 99999 RICHARDS BAY AIRPORT          SF      FARB  -28.733 +032.083 +0035.0 19970704 20161210
684960 99999 CAPE ST. LUCIA                SF            -28.500 +032.400 +0107.0 19490101 20150611
684963 99999 PIETERMARITZBURG              SF      FAPM  -29.649 +030.399 +0738.5 19970701 20150511
684970 99999 MTUNZINI                      SF            -28.950 +031.700 +0038.0 19980301 20161210
684980 99999 RICHARD'S BAY                 SF            -28.800 +032.100 +0000.0 19941004 20051027
685120 99999 SPRINGBOK                     SF      FASB  -29.689 +017.940 +0819.9 19550914 20161210
685121 99999 STANDERTON                    SF      FASR  -26.930 +029.220 +1581.0 20040608 20080822
685130 99999 KOINGNAAS                     SF            -30.200 +017.283 +0099.0 19980301 20161210
685140 99999 HENKRIES                      SF            -28.967 +018.100 +0415.0 20010916 20130702
685230 99999 BRANDVLEI                     SF            -30.467 +020.483 +0923.0 19970701 20161210
685240 99999 VANWYKSVLEI                   SF            -30.350 +021.817 +0962.0 19551001 20161210
685270 99999 PRIESKA                       SF            -29.667 +022.733 +0947.0 19980301 20161210
685280 99999 PRIESKA                       SF            -29.667 +022.750 +0946.0 19570401 20050821
685300 99999 DOUGLAS                       SF            -29.067 +023.750 +0995.0 19740429 20050801
685360 99999 DE AAR                        SF      FADA  -30.650 +024.017 +1247.0 19570601 20050829
685380 99999 DEAAR(UA)                     SF      FADY  -30.667 +024.017 +1287.0 19930701 20161210
685410 99999 FAURESMITH                    SF            -29.450 +025.183 +1387.0 20131210 20161210
685420 99999 FAURESMITH                    SF            -29.767 +025.317 +1372.0 19560901 19990903
685430 99999 GARIEP DAM                    SF            -30.533 +025.533 +1272.0 20131210 20161210
685450 99999 VENTERSTAD                    SF            -30.783 +025.800 +1283.0 19980301 20030611
685460 99999 ALIWAL NORTH                  SF      FAAN  -30.717 +026.717 +1351.0 19550101 20161210
685490 99999 WEPENER                       SF            -29.900 +026.867 +1420.0 20131210 20161210
685500 99999 WEPENER                       SF            -29.733 +027.033 +1438.0 19550601 20051016
685580 99999 BARKLY EAST                   SF            -30.933 +027.600 +1819.0 19980301 20161210
685630 99999 BURGERSDORP                   SF            -30.967 +026.317 +1437.0 20050414 20050414
685640 99999 SHEEPRUN                      SF            -30.983 +028.383 +1328.0 19621015 20050529
685700 99999 MATATIELE                     SF            -30.350 +028.800 +1490.0 19950101 20120206
685720 99999 SHALEBURN                     SF            -29.800 +029.350 +1614.0 19621004 20161210
685740 99999 KOKSTAD                       SF            -30.533 +029.483 +1300.0 19730101 20050920
685750 99999 IXOPO                         SF            -30.150 +030.067 +0937.0 19980302 20161210
685770 99999 KOKSTAD                       SF            -30.500 +029.400 +1443.0 20131210 20161210
685790 99999 PADDOCK                       SF            -30.750 +030.267 +0515.0 20040613 20161210
685800 99999 CEDARA                        SF            -29.533 +030.283 +1071.0 19590801 20161210
685810 99999 PIETERMARITZBURG              SF            -29.633 +030.400 +0673.0 19970715 20161210
685820 99999 ORIBI AIRPORT                 SF            -29.650 +030.400 +0739.0 20131210 20161210
685830 99999 MOUNT EDGECOMBE               SF            -29.700 +031.050 +0094.0 19980301 20161210
685840 99999 PORT SHEPSTONE                SF            -30.733 +030.450 +0017.0 19730101 20051218
685845 99999 DURBAN/VIRGINIA               SF            -29.767 +031.067 +0006.0 19881209 19900914
685850 99999 PENNINGTON SOUTH              SF            -30.400 +030.667 +0098.0 20040323 20161210
685870 99999 PORT EDWARD                   SF            -31.067 +030.233 +0012.0 19980301 20161210
685880 99999 DURBAN INTL                   SF      FADN  -29.970 +030.951 +0010.1 19560201 20161210
685890 99999 GIANTS CASTLE                 SF            -29.267 +029.517 +1763.0 19970715 20161210
685900 99999 ADDINGTON                     SF            -29.850 +031.050 +0013.0 19490101 19531231
685910 99999 MARGATE                       SF      FAMG  -30.850 +030.333 +0154.0 19970701 20161210
685920 99999 KING SHAKA INTL AIRPORT       SF      FALE  -29.617 +031.133 +0127.0 20100601 20161210
685930 99999 VIRGINIA                      SF      FAVG  -29.771 +031.058 +0006.1 19980408 20161210
686130 99999 LAMBERTS BAY                  SF            -32.033 +018.333 +0094.0 19980301 20161210
686140 99999 VREDENDAL                     SF      FAVR  -31.641 +018.545 +0100.6 19570901 20161210
686160 99999 VANRHYSDORP                   SF            -31.600 +018.750 +0147.0 19861001 20050729
686180 99999 CALVINIA                      SF      FACV  -31.500 +019.726 +0990.6 19560101 20161210
686190 99999 NIEUWOUDTVILLE                SF            -31.350 +019.083 +0731.0 20131210 20161210
686240 99999 FRASERBURG                    SF      FAFR  -31.917 +021.517 +1268.0 19730101 20161210
686300 99999 VICTORIA / WEST               SF            -31.400 +023.117 +1256.0 20040326 20060126
686330 99999 NOUPOORT                      SF            -31.183 +024.950 +1496.0 19980301 20161210
686380 99999 MIDDELBURG                    SF      FAMB  -25.685 +029.440 +1489.3 19570101 20030407
686460 99999 WILLOW PARK                   SF            -31.500 +026.950 +1485.0 19730219 19730219
686470 99999 QUEENSTOWN                    SF            -31.917 +026.883 +1104.0 19970701 20161210
686480 99999 QUEENSTOWN                    SF      FAQT  -31.920 +026.882 +1108.6 19570701 20050821
686490 99999 JAMESTOWN                     SF            -31.117 +026.800 +1603.0 19970701 20161210
686510 99999 ELLIOT                        SF            -31.333 +027.850 +1463.0 19970701 20161210
686680 99999 MTHATHA                       SF      FAUT  -31.548 +028.674 +0731.5 19730101 20161210
686740 99999 PORT ST JOHNS                 SF      FAPJ  -31.606 +029.520 +0374.0 19490101 20161210
686770 99999 COFFEE BAY                    SF            -31.950 +029.133 +0161.0 20131210 20161210
687120 99999 CAPE COLUMBINE                SF            -32.833 +017.850 +0067.0 19490102 20161210
687130 99999 PAARL                         SF            -33.717 +018.967 +0104.0 20040608 20161210
687140 99999 LANGEBAANWEG                  SF      FALW  -32.969 +018.160 +0032.9 19730801 20161210
687150 99999 MALMESBURY                    SF            -33.467 +018.717 +0102.0 19970701 20161210
687170 99999 PORTERVILLE                   SF            -30.017 +018.983 +0123.0 19980301 20161210
687180 99999 ROBERTSON                     SF            -33.800 +019.900 +0204.0 19730101 20161210
687190 99999 EXCELSIOR                     SF            -32.950 +019.433 +0945.0 20040423 20161210
687220 99999 SUTHERLAND                    SF            -32.383 +020.667 +1459.0 19590917 20161210
687230 99999 LAINGSBURG                    SF            -33.200 +020.867 +0656.0 19980301 20161210
687270 99999 BEAUFORT WEST                 SF            -32.350 +022.550 +0899.0 19980301 20161210
687280 99999 BEAUFORT WEST(MET)            SF      FABY  -32.350 +022.583 +0842.0 19490101 20150511
687285 99999 BEAUFORT WEST (MET)           SF      FABY  -32.350 +022.583 +0857.0 19880106 19910627
687360 99999 GRAAFF REINET                 SF      FAGR  -32.194 +024.541 +0793.7 19730102 20031201
687370 99999 GRAAFF-REINET                 SF            -32.200 +024.550 +0790.0 19980301 20161210
687380 99999 JANSENVILLE                   SF            -32.933 +024.667 +0424.0 19730102 20051231
687420 99999 SOMERSET EAST                 SF            -32.733 +025.583 +0720.0 19601113 20051023
687440 99999 CRADOCK                       SF            -32.167 +025.617 +0926.0 19941004 20161210
687470 99999 FORT BEAUFORT                 SF            -32.783 +026.633 +0455.0 19970701 20161210
687520 99999 BHISHO                        SF      FABE  -32.897 +027.279 +0594.4 19870514 20161210
687523 99999 BISHO                         SF            -32.900 +027.283 +0594.0 19911002 19960122
687540 99999 DOHNE                         SF            -32.517 +027.467 +0900.0 19730101 20161210
687680 99999 MBASHE                        SF            -32.233 +028.917 +0037.0 19730101 19750203
688110 99999 GEELBEK                       SF            -33.200 +018.117 +0007.0 20040501 20161210
688130 99999 ROBBEN ISLAND                 SF            -33.800 +018.367 +0003.0 20041005 20161210
688140 99999 DASSEN ISLAND                 SF            -33.433 +018.083 +0008.0 19980301 20120919
688150 99999 LANGEBAAN                     SF            -33.083 +018.017 +0006.0 19970701 20161210
688160 99999 CAPE TOWN INTL                SF      FACT  -33.965 +018.602 +0046.0 19490101 20161210
688170 99999 CAPE TOWN - PORTNET           SF            -33.900 +018.433 +0002.0 19980301 20161210
688180 99999 TOUWS RIVER                   SF            -33.350 +020.050 +0782.0 19490101 20060104
688183 99999 PRINCE ALBERT ROAD            SF      FAPC  -33.217 +022.033 +0000.0 19890212 19890222
688190 99999 MOLTENO RESERVIOR             SF            -33.933 +018.417 +0097.0 20131210 20161210
688210 99999 WORCESTER                     SF            -33.617 +019.467 +0270.0 19980301 20161210
688230 99999 PRINS ALBERT                  SF            -33.183 +022.017 +0544.0 19970703 20161210
688250 99999 LADISMITH                     SF            -33.500 +021.283 +0538.0 20131210 20161210
688260 99999 OUDTSHOORN                    SF      FAOH  -33.607 +022.189 +0324.0 19730101 20050929
688270 99999 YSTERPLANT(SAAFB)             SF            -33.900 +018.500 +0016.0 20040224 20161210
688280 99999 GEORGE                        SF      FAGG  -34.006 +022.379 +0197.5 19490101 20161210
688320 99999 WILLOWMORE                    SF            -33.283 +023.500 +0842.0 19590912 20161210
688330 99999 JOUBERTINA                    SF            -33.833 +023.867 +0546.0 20040430 20161210
688350 99999 PATENSIE                      SF            -33.767 +024.817 +0085.0 19980301 20161210
688370 99999 NGQURA (COEGA)                SF            -33.800 +025.667 +0046.0 20131210 20161210
688390 99999 UITENHAGE                     SF            -33.700 +025.433 +0157.0 19970701 20161210
688400 99999 SOMERSET                      SF            -33.050 +025.717 +0506.0 20131210 20161210
688410 99999 ADDO ELEPHANT PARK            SF            -33.450 +025.750 +0506.0 20131210 20161210
688420 99999 PORT ELIZABETH INTL           SF      FAPE  -33.985 +025.617 +0068.9 19490101 20161210
688430 99999 PORT ALFRED AIRPORT           SF            -33.567 +026.883 +0084.0 20070228 20161210
688450 99999 BIRD ISLAND                   SF            -33.833 +026.283 +0003.0 20131211 20161210
688470 99999 PORT ALFRED                   SF            -33.600 +026.883 +0037.0 19970701 20051225
688490 99999 GRAHAMSTOWN                   SF            -33.283 +026.500 +0642.0 19980301 20161210
688580 99999 EAST LONDON                   SF      FAEL  -33.036 +027.826 +0132.6 19490101 20161210
689020 99999 TRISTAN DA CUNHA              SH      FATC  -37.050 -012.317 +0023.0 19490101 20161210
689060 99999 GOUGH ISLAND                  SH      FAGE  -40.350 -009.883 +0054.0 19551120 20161210
689110 99999 STRAND                        SF            -34.150 +018.850 +0010.0 20040525 20161210
689120 99999 SLANGKOP                      SF            -34.150 +018.317 +0008.0 19980301 20161210
689140 99999 SIMONSTOWN                    SF            -34.200 +018.433 +0293.0 19490101 19500625
689150 99999 CAPE POINT (AUTO)             SF            -34.350 +018.500 +0225.0 20041102 20060608
689160 99999 CAPE POINT                    SF            -34.350 +018.500 +0238.0 19730101 20161210
689180 99999 HERMANUS                      SF            -34.433 +019.217 +0014.0 19980301 20161210
689200 99999 CAPE AGULHAS                  SF            -34.833 +020.017 +0014.0 19490101 20161210
689203 99999 BREDASDORP                    SF      FABR  -34.533 +020.033 +0050.0 19891024 20090521
689210 99999 STRUISBAAI                    SF            -34.800 +020.067 +0004.0 19980301 20161210
689230 99999 TIGERHOEK                     SF            -34.150 +019.900 +0151.0 20040726 20161210
689250 99999 ELGIN EXP FARM                SF            -34.050 +019.150 +0313.0 19980301 20161210
689260 99999 RIVERSDALE                    SF            -34.083 +021.250 +0116.0 19730101 20161210
689263 99999 OVERBERG                      SF      FAOB  -34.555 +020.251 +0015.8 19901019 20161210
689270 99999 STILBAAI                      SF            -34.367 +021.383 +0103.0 20040303 20161210
689280 99999 MOSSEL BAY (LGT-H)            SF      FAMO  -34.183 +022.150 +0059.0 19490101 20161210
689290 99999 HUMANSDORP                    SF            -34.017 +024.783 +0040.0 20040611 20060609
689310 99999 PLETTENBERG BAY               SF      FAPG  -34.090 +023.328 +0141.7 19980408 20161210
689330 99999 TSITSIKAMMA                   SF            -34.033 +023.900 +0005.0 20040727 20161210
689350 99999 KNYSNA                        SF            -34.050 +023.083 +0054.0 19980301 20161210
689380 99999 CAPE ST. FRANCIS              SF            -34.200 +024.833 +0007.0 19730101 20060809
689390 99999 CAPE ST FRANCIS               SF            -34.217 +024.850 +0007.0 20040625 20161210
