Serial No.  Latitude Longitude Altitude Speed Interval time Interval Dist
         1  53.10282  8.811292       -2   0.7             0             0
         2 53.102803  8.811322       -2  1.03           2.1         2.768
         3  53.10284  8.811422       -2  1.72           2.7         7.879
         4  53.10278  8.811273        0  6.74           2.9         12.03
         5  53.10277  8.811338        0 10.37           2.3         4.508
         6 53.102802  8.811422       -2 10.81             2         6.673
         7 53.102828   8.81153       -3 10.71           2.1         7.810
         8 53.102878  8.811637       -4 11.61             2         9.089
         9  53.10292  8.811755       -4 13.31             2         9.201
        10 53.102925  8.811867       -6 14.24             2         7.543
        11 53.102882  8.811933       -4 13.43             2         6.525
        12 53.102838  8.811972       -4 11.72             2         5.556
        13  53.10279  8.812008       -4   9.9             2         5.867
        14 53.102738   8.81206       -4  9.44             2         6.762
        15  53.10271  8.812182       -4 10.12           2.9         8.766
        16 53.102735  8.812267       -4 10.48             2         6.352
        17 53.102757  8.812355       -6 10.85             2         6.399
        18 53.102783  8.812438       -7 11.19             2         6.282
        19 53.102822  8.812535       -7 12.27             2         7.829
        20  53.10285  8.812628       -8 12.62             2         6.981
        21 53.102867  8.812712       -8 12.28           2.1         5.952
        22   53.1029  8.812802       -8 12.32             2         7.074
        23 53.102935  8.812885       -8 11.58             2         6.802
        24 53.102967  8.812987       -8 12.07             2         7.722
        25 53.103002  8.813085       -9 12.76             2         7.649
        26 53.103038  8.813192       -8 13.26             2         8.228
        27 53.103082  8.813297       -8 13.97             2         8.586
        28 53.103112   8.81342       -8 14.56             2         8.910
        29 53.103108  8.813532       -8 14.33             2         7.536
        30 53.103085   8.81361       -8  13.3             2         5.832
        31 53.103042  8.813675       -8 12.42             2         6.480
        32 53.102995  8.813733       -7  11.1             2         6.524
        33  53.10291  8.813813       -6 11.35           2.9         10.88
        34  53.10286  8.813882       -6 11.92             2         7.243
        35 53.102837  8.814102       -4 10.45           5.9         14.99
        36 53.102853  8.814407      -22 10.56           2.2         20.55
        37 53.102788  8.814535      -10 11.16           2.9         11.23
        38 53.102743  8.814638       -9 13.34             2         8.541
        39  53.10272  8.814738      -12 13.64           2.1         7.188
        40 53.102685  8.814835      -10 13.26             2         7.591
        41 53.102677  8.814925      -10 12.49             2         6.111
        42 53.102692   8.81498       -9 10.88             2         4.056
        43 53.102698   8.81502       -9  8.93             2         2.772
        44 53.102683  8.815117       -8  8.82             2         6.726
        45 53.102668  8.815228       -8   9.6             2         7.640
        46 53.102642  8.815347       -7 11.52             2         8.500
        47 53.102627   8.81546       -7 13.47             2         7.771
        48 53.102617  8.815577       -6 14.35             2         7.937
        49   53.1026  8.815697       -6 14.73             2         8.279
        50  53.10257   8.81588       -6 14.83             3         12.73
        51 53.102555   8.81599       -6 14.94             2         7.575
        52 53.102525  8.816098       -6 14.79             2         7.986
        53   53.1025  8.816208       -6 14.62           2.1         7.895
        54  53.10246  8.816372       -6 14.46           2.8         11.88
        55 53.102413   8.81644       -4 14.59           2.1         6.946
        56 53.102347  8.816493       -5 14.58             2         8.164
        57   53.1019   8.81655      -14 12.68           2.6         49.88
        58  53.10175  8.816802      -18 12.52           2.3         23.77
        59  53.10173  8.816935      -13 12.76             2         9.206
        60 53.101705  8.817037       -2 14.77             2         7.395
        61  53.10167  8.817165        0 15.59             2         9.438
        62 53.101647  8.817262        0 14.46             2         7.001
        63 53.101617  8.817373        1 14.23             2         8.169
        64 53.101577  8.817473        1  14.2             2         8.059
        65 53.101535  8.817573        1 14.33             2         8.184
        66 53.101502  8.817678        1 14.85             2         7.952
        67  53.10147   8.81778        1 14.88             2         7.722
        68 53.101437  8.817873        1  15.1             2         7.247
        69 53.101415  8.817967        0 14.79             2         6.773
        70  53.10139  8.818055        0 14.34             2         6.534
        71 53.101355  8.818163        0 14.48           2.1         8.234
        72  53.10132  8.818305        0 13.78           2.9         10.30
        73 53.101283   8.81839        0 13.35             2         7.041
        74 53.101248  8.818485        0 13.03             2         7.477
        75 53.101217  8.818587        0 13.26             2         7.671
        76 53.101192  8.818677        0 12.98             2         6.656
        77 53.101163  8.818782        0 13.48             2         7.756
        78 53.101127  8.818883        0 13.59             2         7.879
        79 53.101093  8.818985        0 13.68             2         7.827
        80 53.101063  8.819088        0 13.79             2         7.682
        81 53.101032  8.819185        0 13.97             2         7.373
        82 53.101003  8.819282        0 13.65             2         7.272
        83 53.100977  8.819382        0 13.52             2         7.314
        84 53.100953  8.819485        0  13.4             2         7.417
        85 53.100915   8.81959        0 13.53             2         8.224
        86 53.100883  8.819692        0 13.91             2         7.722
        87 53.100842  8.819792        0 14.48             2         8.121
        88  53.10081  8.819885        0 14.25             2         7.191
        89 53.100783  8.819978        0 14.03             2         6.933
        90 53.100745  8.820075        0 13.93             2         7.768
        91  53.10071  8.820162        0 13.33             2         7.024
        92 53.100673  8.820255        0 13.43             2         7.483
        93 53.100633  8.820352        0 13.82             2         7.892
        94  53.10063  8.820452        0 13.98             2         6.726
        95 53.100622  8.820573        0 14.14             2         8.176
        96 53.100618  8.820683        0 13.85             2         7.402
        97  53.10062  8.820787        0 13.37             2         6.990
        98  53.10062  8.820908        0 13.26             2         8.093
        99  53.10061  8.821028        0 13.63             2         8.136
       100 53.100582  8.821142        0 14.07             2         8.267
       101 53.100558  8.821245        0 14.17             2         7.417
       102 53.100528  8.821352        0    14             2         7.925
       103  53.10049  8.821457        0 13.65             2         8.224
       104  53.10045  8.821562        0 13.87             2         8.341
       105 53.100427  8.821652        0 13.53             2         6.566
       106 53.100388  8.821748        0 13.56             2         7.774
       107 53.100357  8.821847        0 13.55             2         7.492
       108  53.10033  8.821957        0  13.1             2         7.976
       109 53.100325  8.822068        0 13.58           2.1         7.477
       110  53.10036  8.822225        0 13.23             3         11.24
       111 53.100462  8.822315        0 13.41           2.9         12.86
       112 53.100527  8.822358        0 13.34             2         7.791
       113 53.100602  8.822368        0 13.49             2         8.376
       114  53.10067  8.822392       -1 13.37             2         7.740
       115 53.100723  8.822428       -1 13.15             2         6.378
       116 53.100723  8.822527       -1 12.92             2         6.622
       117 53.100698   8.82264       -1 13.17             2         8.084
       118 53.100667   8.82275       -1  13.4             2         8.155
       119 53.100635  8.822857       -1 14.05             2         8.021
       120 53.100603  8.822968       -1 14.64             2         8.263
       121 53.100572  8.823073       -1 15.11             2         7.852
       122 53.100545  8.823173       -1 14.88             2         7.359
       123  53.10051  8.823267       -1 14.57             2         7.420
       124 53.100485   8.82336       -1 14.06             2         6.839
       125 53.100458  8.823457       -1 13.39             2         7.176
       126 53.100432  8.823555       -1 13.19             2         7.191
       127 53.100412  8.823665        0 13.29             2         7.717
       128 53.100387  8.823762        0 13.44             2         7.085
       129 53.100353  8.823863        0 13.59             2         7.769
       130 53.100325  8.823967        0 13.81             2         7.650
       131 53.100295  8.824068        0 14.09             2         7.562
       132 53.100265  8.824175        0 14.12             2         7.925
       133 53.100248  8.824272        0  13.6           2.1         6.785
       134 53.100205  8.824415        0 13.08             3         10.73
       135 53.100155  8.824567        0 12.65           2.9         11.63
       136 53.100133  8.824667        0 12.59           2.1         7.150
       137 53.100085  8.824828        0 13.22           2.9         12.06
       138 53.100038  8.824943        0 13.82             2         9.329
       139 53.100002  8.825043        0 14.44             2         7.822
       140  53.09997  8.825153        0 14.83             2         8.202
       141 53.099945  8.825268        1 14.81             2         8.210
       142 53.099928  8.825375        2 14.14             2         7.432
       143 53.099898  8.825478        2 14.12             2         7.682
       144  53.09986  8.825598        3  14.3             2         9.102
       145  53.09983  8.825695        3 13.99             2         7.322
       146 53.099825  8.825773        3  13.5             2         5.270
       147  53.09981  8.825858        3 13.19             2         5.950
       148 53.099785   8.82595        3 12.38             2         6.778
       149 53.099768  8.826047        3 11.88             2         6.785
       150 53.099737  8.826143        3 12.26             2         7.314
       151 53.099698   8.82623        3 12.33             2         7.280
       152  53.09964  8.826248        3 12.42             2         6.570
       153  53.09958  8.826207        4 12.98             2         7.225
       154 53.099517  8.826152        4 13.18             2         7.927
       155 53.099445  8.826093        5 13.97             2         8.941
       156 53.099387  8.826023        5  14.4             2         7.987
       157 53.099317  8.825963        5 15.01             2         8.773
       158 53.099245  8.825923        5 14.83             2         8.453
       159   53.0992   8.82588        5 13.55           2.1         5.784
       160 53.099135   8.82579        5 12.63           2.9         9.428
       161 53.099078  8.825747        5 11.82             2         6.973
       162 53.099012  8.825708        6 12.55             2         7.801
       163 53.098947  8.825657        6 13.01             2         8.006
       164  53.09889  8.825595        6 13.23             2         7.590
       165  53.09884  8.825528        6 13.88             2         7.159
       166 53.098782  8.825482        6 13.95             2         7.159
       167 53.098717   8.82542        6 14.27             2         8.349
       168  53.09866  8.825373        7 14.25             2         7.088
       169 53.098617  8.825308        7 14.01             2         6.480
       170 53.098555  8.825257        7 13.79             2         7.706
       171 53.098503   8.82521        7 13.32             2         6.595
       172  53.09844  8.825167        7  13.3             2         7.585
       173 53.098387  8.825117        7 12.87             2         6.790
       174 53.098315  8.825065        6 13.34             2         8.743
       175 53.098248  8.824995        6 14.24             2         8.817
       176 53.098197  8.824917        5 14.41             2         7.726
       177 53.098155  8.824817        4 15.08             2         8.184
       178 53.098115  8.824718        4 15.02             2         8.003
       179 53.098082  8.824623        4 14.22             2         7.364
       180  53.09805   8.82452        4 14.36             2         7.782
       181 53.098022  8.824412        4 14.23             2         7.896
       182 53.098013  8.824305        4 13.96             2         7.257
       183    53.098  8.824202        4 13.77             2         7.069
       184  53.09799   8.82409        5 13.51           2.1         7.605
       185 53.097942  8.823942        6 13.42           2.9         11.28
       186 53.097902  8.823857        7 13.57             2         7.241
       187 53.097858  8.823772        7 13.45             2         7.523
       188 53.097798  8.823717        7 13.16             2         7.633
       189  53.09775   8.82366        6 12.68             2         6.575
       190 53.097693  8.823607        6 12.63             2         7.276
       191 53.097618  8.823573        6 12.56             2         8.656
       192 53.097543  8.823545        6    13             2         8.558
       193 53.097473  8.823512        5 13.58             2         8.102
       194 53.097402   8.82349        5 13.94             2         8.041
       195  53.09734   8.82347        5  13.7             2         7.032
       196 53.097283   8.82343        5 13.39             2         6.892
       197 53.097222  8.823393        5 13.05             2         7.232
       198 53.097162  8.823363        5 12.58             2         6.978
       199 53.097097  8.823328        6 12.96             2         7.609
       200 53.097047   8.82329        6 12.39             2         6.125
       201 53.096997  8.823247        6 12.02             2         6.272
       202 53.096938  8.823197        6 11.93             2         7.377
       203 53.096867  8.823153        6 11.56             2         8.438
       204 53.096808   8.82311        5 12.12             2         7.176
       205 53.096708  8.823038        5  12.6             3         12.14
       206 53.096642  8.823002        5 12.75           2.1         7.735
       207 53.096557   8.82291        5 13.59           2.9         11.30
       208  53.09651  8.822845        6 13.43             2         6.816
       209 53.096462  8.822777        7 13.37             2         7.030
       210 53.096405  8.822705        8 13.34           2.1         7.979
       211 53.096313  8.822607        9 14.24           2.9         12.17
       212  53.09626  8.822547        9 14.62             2         7.146
       213 53.096212  8.822487        9  14.5             2         6.694
       214 53.096152  8.822427       10 14.55             2         7.801
       215   53.0961  8.822383       10 13.17             2         6.501
       216 53.096047  8.822333       10 12.61             2         6.790
       217 53.095993  8.822285       11 12.16             2         6.822
       218 53.095933  8.822232       11 11.91             2         7.569
       219  53.09588  8.822175       12 12.86             2         7.034
       220 53.095822  8.822117       13 13.37             2         7.542
       221 53.095753  8.822065       13 13.54             2         8.438
       222 53.095683  8.822032       12 13.14             2         8.102
       223 53.095623   8.82198       11 12.31             2         7.538
       224  53.09555  8.821933        9 12.42             2         8.718
       225 53.095483   8.82188        8 12.74             2         8.265
       226 53.095423  8.821812        8 13.29             2         8.092
       227  53.09537   8.82174        8 13.86             2         7.629
       228  53.09529  8.821615        7 13.75             3         12.24
       229 53.095225  8.821543        7 14.36             2         8.703
       230 53.095165  8.821467        7 14.37           2.1         8.407
       231 53.095118  8.821322        7 14.38           2.9         11.05
       232 53.095092  8.821243        7 13.29             2         6.046
       233  53.09505  8.821173        7 12.85             2         6.632
       234    53.095  8.821102        7    13             2         7.331
       235 53.094948   8.82103        7 13.52             2         7.544
       236 53.094895  8.820972        8  13.9             2         7.071
       237  53.09486   8.82088        8 13.84           2.1         7.306
       238 53.094773  8.820768        8 13.69           2.9         12.26
       239 53.094718  8.820705        8 14.02             2         7.443
       240  53.09468   8.82063        8 14.27             2         6.580
       241 53.094632  8.820572        9 13.77             2         6.614
       242 53.094575  8.820517        9 13.88             2         7.343
       243  53.09452  8.820438       10 13.97             2         8.103
       244 53.094475  8.820347       10 14.14             2         7.904
       245 53.094435  8.820255       10 14.41             2         7.618
       246 53.094388  8.820182       10 14.04             2         7.172
       247 53.094343  8.820095       10 13.83           2.1         7.698
       248 53.094257  8.819983        9 14.26           2.9         12.17
       249  53.09417  8.819868        9 14.73             3         12.39
       250 53.094118  8.819787        8 15.01             2         7.945
       251 53.094067  8.819718        8 15.21             2         7.330
       252 53.094017  8.819668        9 14.73             2         6.502
       253 53.093967  8.819605        9  14.5             2         6.993
       254  53.09391  8.819533        9 14.29             2         7.979
       255 53.093862  8.819458        9 14.15             2         7.345
       256  53.09381  8.819377        8 14.35             2         7.945
       257 53.093767    8.8193        8 13.97             2         7.048
       258  53.09372  8.819223        8 13.73             2         7.358
       259 53.093675  8.819147        8 13.87             2         7.153
       260 53.093627  8.819067        7 14.16           2.1         7.579
       261 53.093552  8.818933        7 14.76           2.9         12.28
       262 53.093508   8.81885        7 14.61             2         7.422
       263 53.093447   8.81871        7  14.4             3         11.60
       264   53.0934   8.81863        7 13.94             2         7.501
       265 53.093348  8.818548        7 14.16           2.1         7.991
       266  53.09327  8.818437        7 14.45           2.9         11.44
       267 53.093228  8.818352        7 14.36             2         7.381
       268 53.093187  8.818272        7 13.88             2         7.052
       269 53.093148  8.818182        7 13.81             2         7.444
       270 53.093122  8.818083        7 13.55             2         7.254
       271   53.0931  8.817987        8 13.19             2         6.899
       272 53.093063  8.817907        8 13.19             2         6.772
       273 53.092992  8.817827        9 13.76             2         9.557
       274 53.092928  8.817748        8 14.22             2         8.884
       275 53.092878  8.817657        8  15.1             2         8.268
       276 53.092828   8.81757        8 15.76             2         8.071
       277 53.092785  8.817482        8 15.42             2         7.607
       278 53.092747  8.817383        8 15.23             2         7.882
       279 53.092708  8.817283        8 14.81             2         7.999
       280 53.092682  8.817183        8 14.28             2         7.315
       281 53.092662  8.817068        8 13.95             2         8.040
       282 53.092648  8.816965        9 13.46             2         7.093
       283 53.092638  8.816872       10 12.66             2         6.347
       284 53.092585  8.816803       11 12.34           2.1         7.504
       285 53.092505  8.816688       12 12.16           2.9         11.79
       286 53.092455  8.816605       11 12.36             2         7.879
       287 53.092402   8.81652       11 12.69             2         8.211
       288 53.092343  8.816435       11  13.5             2         8.703
       289 53.092298  8.816345       11 13.96             2         7.852
       290 53.092232   8.81626       11 14.53           2.1         9.305
       291 53.092165  8.816122       10 14.56           2.9         11.90
       292  53.09212  8.816027        9 14.61             2         8.113
       293 53.092085  8.815932        9 14.65             2         7.478
       294 53.092025   8.81587        9 14.42             2         7.872
       295 53.091958  8.815805        9 15.03             2         8.643
       296 53.091903  8.815733        9  14.8             2         7.803
       297 53.091848  8.815648        9 14.83             2         8.372
       298 53.091808  8.815545        9 15.11             2         8.228
       299 53.091775   8.81546        9 14.24             2         6.791
       300 53.091743  8.815368       10  14.1             2         7.134
       301 53.091708  8.815283       10 13.49             2         6.914
       302 53.091665  8.815213       10 12.55             2         6.711
       303 53.091617  8.815123       11    13             2         8.069
       304 53.091568   8.81503       11 13.29             2         8.294
       305 53.091518  8.814935       11 13.84             2         8.468
       306 53.091463  8.814852       11 14.78             2         8.281
       307 53.091422  8.814758       11 14.56             2         7.792
       308 53.091383  8.814668       11 14.52             2         7.444
       309 53.091352  8.814568       11 14.31             2         7.553
       310 53.091302  8.814475       11 14.15             2         8.368
       311 53.091245  8.814415       10 13.61             2         7.518
       312 53.091192  8.814338        9 13.44             2         7.847
       313 53.091167  8.814232        8 13.21             2         7.646
       314 53.091173   8.81414        8 12.01             2         6.218
       315  53.09122  8.814058        8 12.25             2         7.598
       316 53.091268  8.813957        9 12.51             2         8.636
       317 53.091322  8.813862       10 13.35             2         8.767
       318  53.09137  8.813777       11 14.63             2         7.821
       319 53.091423  8.813713       11 15.34             2         7.301
       320 53.091468   8.81364       12 15.45             2         7.011
       321 53.091503  8.813578       13 14.48             2         5.705
       322 53.091558  8.813505       14 13.39             2         7.845
       323 53.091613  8.813437       15 11.92             2         7.640
       324 53.091645  8.813378       17  9.98             2         5.331
       325 53.091702  8.813305       18  9.06             2         8.020
       326 53.091768  8.813215       19  9.41             2         9.514
       327 53.091828  8.813117       21 10.06             2         9.378
       328 53.091872   8.81306       22 10.63             2         6.219
       329 53.091908  8.813023       24 10.81             2         4.718
       330 53.091952  8.812985       26 10.69             2         5.525
       331 53.091997  8.812942       27 11.21             2         5.784
       332 53.092058  8.812858       28 13.32             2         8.829
       333 53.092152  8.812757       28 16.11             2         12.47
       334 53.092245   8.81269       28 18.25             2         11.29
       335 53.092343  8.812612       28 19.66             2         12.10
       336 53.092457  8.812545       29 20.62             2         13.46
       337 53.092487  8.812467       31 19.04             2         6.215
       338 53.092533  8.812378       32 17.83             2         7.872
       339  53.09257   8.81231       34 16.41             2         6.152
       340  53.09263  8.812232       35 14.56           2.1         8.489
       341 53.092695  8.812177       36 13.09           2.9         8.125
       342 53.092747   8.81213       38 12.29             2         6.595
       343 53.092783  8.812068       39 11.79             2         5.782
       344 53.092852  8.811915       40 12.15             2         12.83
       345 53.092918   8.81175       39  12.7             2         13.30
       346 53.092955  8.811667       36 11.99             2         6.933
       347  53.09302  8.811603       35 11.59             2         8.417
       348 53.093088  8.811522       34 11.38             2         9.322
       349 53.093188  8.811413       34 13.49             2         13.32
       350  53.09332   8.81127       34 18.24             2         17.55
       351  53.09344  8.811215       33 21.83             2         13.86
       352   53.0935  8.811148       31 22.66             2         8.054
       353 53.093502  8.811077       28 20.18             2         4.777
       354 53.093532  8.811005       27  16.4             2         5.879
       355 53.093582  8.810933       25 13.27             2         7.375
       356  53.09368  8.810845       24 13.72             2         12.41
       357 53.093753  8.810758       24  15.5             2         10.01
       358 53.093807   8.81069       24    16             2         7.551
       359 53.093845  8.810615       25 16.12             2         6.580
       360 53.093897  8.810533       24 15.01             2         7.991
       361 53.093963  8.810448       24 14.18             2         9.305
       362 53.094023  8.810375       23 14.16             2         8.286
       363 53.094117  8.810313       23  15.1             2         11.26
       364 53.094185  8.810245       22 15.88             2         8.841
       365 53.094242  8.810167       22 16.05             2         8.229
       366 53.094298  8.810078       21 16.76             2         8.637
       367  53.09437      8.81       21 16.83             2         9.575
       368 53.094412  8.809937       21 16.38             2         6.308
       369 53.094438  8.809878       21 15.62             2         4.910
       370 53.094475   8.80981       20 14.71             2         6.152
       371  53.09451  8.809737       18 13.62             2         6.264
       372  53.09457  8.809665       17 13.21             2         8.247
       373 53.094625  8.809595       16  13.8             2         7.720
       374 53.094672  8.809512       15 14.23             2         7.646
       375 53.094733  8.809437       15  15.3             2         8.455
       376 53.094792  8.809393       14 15.98             2         7.203
       377 53.094833   8.80934       14 16.11             2         5.790
       378 53.094875  8.809287       15 16.21             2         5.878
       379 53.094935  8.809192       15 14.97             2         9.237
       380 53.094992   8.80914       15 13.48             2         7.244
       381 53.095042   8.80907       15  12.9             2         7.287
       382 53.095125  8.809053       16 12.78             2         9.309
       383  53.09529  8.809152       18 14.03             2         19.53
       384 53.095403  8.809275       19 15.39             2         15.05
       385 53.095432    8.8094       20  15.4             2         8.995
       386  53.09548  8.809495       20 16.08             2         8.323
       387 53.095532  8.809578       20 15.72             2         8.037
       388  53.09557  8.809653       19 14.77             2         6.580
       389 53.095603  8.809655       18  12.2             2         3.679
       390 53.095607  8.809672       16  9.14             2         1.230
       391 53.095607  8.809672       16  9.14           0.9         0.000
