Serial No.  Latitude Longitude Altitude Speed Interval time Interval Dist
         1 53.102482  8.811683       30  2.88             0             0
         2 53.102463  8.811623       29   4.3             2         4.553
         3 53.102462  8.811522       28  7.06             2         6.785
         4 53.102402  8.811463       27  7.84             2         7.767
         5  53.10238  8.811512       26  8.73             2         4.105
         6 53.102387  8.811575       25  9.05             2         4.305
         7 53.102417  8.811665       24  9.35             2         6.907
         8 53.102447   8.81176       23 10.26             2         7.202
         9 53.102438    8.8119       23 10.94             3         9.455
        10 53.102408   8.81198       22 11.54             2         6.328
        11 53.102358  8.812022       22  11.4             2         6.241
        12 53.102302   8.81207       22 11.72             2         7.019
        13  53.10225  8.812128       22 11.83             2         6.978
        14 53.102228    8.8122       22 11.56             2         5.422
        15 53.102248   8.81229       22  11.5             2         6.443
        16 53.102298  8.812378       21 11.67             2         8.119
        17 53.102327  8.812467       19 12.11             2         6.794
        18 53.102335  8.812562       19 12.33             2         6.443
        19 53.102387  8.812668       17 12.43           3.1         9.175
        20  53.10242  8.812792       15 11.24           2.9         9.102
        21 53.102497   8.81291       15 12.16             3         11.67
        22 53.102533  8.813005       14 11.99             2         7.535
        23 53.102592  8.813167       14 13.11           2.9         12.71
        24 53.102638  8.813278       14 12.97           2.1         9.044
        25 53.102672  8.813388       13 13.09             2         8.301
        26 53.102715  8.813515       13 14.34             2         9.780
        27  53.10271  8.813632       13 14.57             2         7.878
        28 53.102653  8.813702       13 13.63             2         7.898
        29 53.102585  8.813773       14 13.35             2         8.946
        30 53.102498  8.813835       14 12.78             2         10.54
        31  53.10244  8.813877       15 12.33             2         7.047
        32 53.102385  8.813937       15 13.12             2         7.330
        33 53.102363  8.814032       15 13.32             2         6.835
        34 53.102393  8.814162       14 13.18             2         9.347
        35  53.10239  8.814348       13 14.54             3         12.49
        36 53.102375   8.81447       13 14.98             2         8.362
        37  53.10236  8.814585       13 15.12             2         7.902
        38 53.102345  8.814705       14 15.29             2         8.231
        39  53.10232  8.814813       14 14.57             2         7.769
        40 53.102292  8.814907       13 13.84             2         7.042
        41 53.102265   8.81498       13 12.67             2         5.752
        42 53.102297   8.81505       12 10.48           2.1         5.900
        43 53.102328  8.815097       11  5.62             4         4.679
        44 53.102335  8.815115       10  1.79           3.9         1.442
        45 53.102323  8.815135        6  0.33            16         1.898
        46  53.10232  8.815155        5  0.04             9         1.388
        47 53.102322  8.815218        5  2.07             2         4.240
        48 53.102343  8.815297        4  5.84             2         5.800
        49  53.10243  8.815385        2 11.96             3         11.34
        50 53.102492   8.81543        0 13.88             2         7.535
        51 53.102562  8.815478        0 14.66             2         8.433
        52 53.102635  8.815532        0 15.58             2         8.899
        53 53.102703  8.815585       -1 15.29             2         8.365
        54 53.102772  8.815632       -2 15.71             2         8.305
        55 53.102838  8.815682       -2 15.48             2         8.078
        56 53.102905  8.815735       -3 15.51             2         8.265
        57 53.102973  8.815778       -3 15.77             2         8.102
        58 53.103037  8.815828       -3 15.37             2         7.877
        59   53.1031  8.815883       -3 15.44             2         7.927
        60 53.103163  8.815943       -3 15.19             2         8.089
        61 53.103223  8.815985       -4 14.21             2         7.251
        62  53.10329  8.816027       -4 13.84             2         7.974
        63 53.103365  8.816082       -4 14.09             2         9.129
        64 53.103467  8.816165       -4 14.67             3         12.65
        65 53.103538  8.816218       -4  15.5             2         8.668
        66  53.10361  8.816272       -4 15.84             2         8.797
        67 53.103673   8.81631       -3 15.51             2         7.464
        68 53.103727   8.81635       -3 14.55             2         6.585
        69  53.10379  8.816392       -3 14.54             2         7.560
        70 53.103857  8.816427       -2 14.18             2         7.821
        71 53.103933  8.816467       -4 14.78             2         8.876
        72 53.103985  8.816563       -4 15.26             2         8.665
        73 53.104143   8.81656       -4 13.19           2.1         17.58
        74  53.10409  8.816802        0 12.45           2.9         17.29
        75  53.10415  8.816838        0 12.32           2.1         7.104
        76 53.104242   8.81692       -2 14.71           2.9         11.63
        77 53.104317  8.816973       -1 15.07             2         9.076
        78  53.10439   8.81703       -3 15.36             2         8.983
        79 53.104457   8.81708       -2 15.33             2         8.180
        80 53.104527  8.817135       -2 15.58           2.1         8.624
        81 53.104597  8.817195       -3  15.5             2         8.773
        82 53.104693   8.81728       -3 15.27           2.9         12.11
        83 53.104752  8.817348       -3 15.31             2         8.000
        84 53.104815  8.817405       -3 15.38             2         7.990
        85 53.104882  8.817465       -3 15.13             2         8.477
        86 53.104947   8.81752       -3 15.36             2         8.124
        87 53.105008  8.817573       -2 14.98           2.1         7.667
        88 53.105078   8.81762       -2 14.74             2         8.408
        89 53.105188   8.81768       -2  15.2           2.9         12.89
        90 53.105253  8.817722       -2 15.54           2.1         7.767
        91 53.105325  8.817762       -3 15.75             2         8.453
        92  53.10543  8.817832       -3  15.8           2.9         12.60
        93   53.1055  8.817878       -3 15.57           2.1         8.383
        94 53.105607  8.817942       -3 15.81           2.9         12.66
        95 53.105673  8.817988       -3 15.65             2         7.971
        96  53.10575  8.818033       -2 15.84             2         9.089
        97 53.105828  8.818075       -2 16.11           2.1         9.129
        98 53.105942  8.818107       -2 16.38           2.9         12.87
        99 53.106008   8.81813       -2 16.38           2.1         7.508
       100 53.106122  8.818175       -2 16.15           2.9         13.04
       101 53.106188    8.8182       -1 15.45           2.1         7.537
       102  53.10628  8.818248       -1  14.5           2.9         10.74
       103 53.106343   8.81826       -1 13.38             2         7.060
       104 53.106398  8.818193       -2  12.5             2         7.599
       105 53.106413   8.81806       -1 12.88           2.1         9.086
       106 53.106448  8.817893       -4 12.85             3         11.87
       107   53.1065  8.817735       -3 13.32           2.9         12.08
       108 53.106538  8.817617       -2 13.35           2.1         8.982
       109 53.106613  8.817475       -1  13.7           2.9         12.67
       110 53.106687   8.81747       -1 13.96             2         8.245
       111 53.106767  8.817508       -1 14.24           2.1         9.264
       112 53.106868  8.817557       -2 13.55           2.9         11.71
       113 53.106935  8.817582       -2 13.74           2.2         7.646
       114  53.10702  8.817627       -3 12.49           2.8         9.932
       115 53.107062  8.817663       -3  11.7             2         5.265
       116 53.107137    8.8177       -3 11.25           2.1         8.711
       117  53.10726  8.817757       -4 12.36           2.9         14.21
       118 53.107342  8.817795       -4 14.44           2.1         9.478
       119 53.107453   8.81785       -4  15.7             3         12.89
       120 53.107522  8.817888       -3  14.9             2         8.094
       121 53.107593  8.817898       -3  14.3             2         7.933
       122 53.107667  8.817935       -3  14.2             2         8.604
       123 53.107765  8.817983       -4 14.05           2.9         11.37
       124 53.107833  8.818002       -4 14.67             2         7.677
       125  53.10791  8.818027       -4 14.65             2         8.734
       126 53.107982  8.818047       -4 14.43           2.1         8.127
       127 53.108057  8.818067       -3 14.91             2         8.456
       128 53.108128  8.818098       -3 14.94             2         8.174
       129 53.108203  8.818122       -3 15.24             2         8.503
       130 53.108315   8.81816       -3 15.57           2.9         12.72
       131 53.108382  8.818193       -3 15.14             2         7.781
       132 53.108448  8.818233       -3  15.1           2.1         7.823
       133 53.108548  8.818305       -3 15.03           2.9         12.13
       134  53.10861  8.818352       -3 15.09             2         7.590
       135 53.108678  8.818397       -3 15.04             2         8.151
       136 53.108747  8.818447       -3 15.15             2         8.383
       137 53.108812  8.818487       -3    15           2.1         7.719
       138 53.108917  8.818545       -3 15.18           2.9         12.32
       139 53.108985  8.818582       -3 14.79             2         7.968
       140  53.10905  8.818607       -3 14.87             2         7.429
       141 53.109122   8.81865       -2 15.05             2         8.519
       142 53.109197  8.818693       -2 15.12             2         8.834
       143 53.109267  8.818722       -2 15.15           2.1         8.032
       144 53.109332  8.818763       -2 14.85             2         7.742
       145 53.109408   8.81885       -2 13.48           2.9         10.28
       146 53.109438  8.818947       -1 12.94             2         7.321
       147  53.10947  8.819048        0 12.77           2.1         7.661
       148  53.10951  8.819148       -2 12.55             2         8.058
       149 53.109558   8.81925       -2 12.92             2         8.687
       150 53.109603  8.819327       -2 12.67             2         7.200
       151 53.109655  8.819397       -2 12.64             2         7.457
       152 53.109745  8.819495       -2 13.23             3         11.98
       153  53.10981  8.819557       -3 14.33             2         8.348
       154 53.109878  8.819617       -3 14.66             2         8.575
       155 53.109977  8.819692       -3 14.98           2.9         12.11
       156  53.11005  8.819743       -2 15.15             2         8.818
       157 53.110107  8.819797       -4 15.15             2         7.309
       158 53.110168  8.819855       -4 14.92             2         7.829
       159 53.110232   8.81991       -4 15.16             2         8.025
       160 53.110295  8.819957       -4 14.81             2         7.691
       161 53.110368  8.820005       -3 15.34             2         8.742
       162  53.11044  8.820037       -3 15.85           2.1         8.298
       163 53.110553   8.82008       -2 16.38           2.9         12.90
       164  53.11062  8.820082       -2 15.65             2         7.460
       165 53.110693  8.820082       -2 15.33             2         8.104
       166 53.110765  8.820072       -2 14.79             2         8.044
       167  53.11084  8.820058       -2 14.58             2         8.402
       168 53.110913  8.820042       -2 14.66             2         8.197
       169 53.110975  8.820013       -2 14.62             2         7.172
       170 53.111048  8.819997       -2 14.64             2         8.197
       171  53.11112  8.819967       -2 14.76           2.1         8.265
       172  53.11119  8.819942       -2 15.13             2         7.972
       173  53.11129  8.819913       -3 15.21           2.9         11.30
       174 53.111348  8.819892       -3 14.47             2         6.610
       175 53.111417   8.81986       -3 14.21             2         7.976
       176 53.111483  8.819835       -3 13.87           2.1         7.537
       177 53.111552  8.819793       -2 13.77             2         8.183
       178 53.111603   8.81973       -2 13.61             2         7.081
       179 53.111658  8.819655       -2 13.47             2         7.928
       180 53.111745  8.819578       -1 12.94           2.9         10.98
       181 53.111815   8.81961       -1 12.97             2         8.084
       182 53.111845   8.81972       -1 13.34           2.1         8.106
       183 53.111868  8.819897       -2 13.82           2.9         12.16
       184 53.111885  8.820013       -2  14.2           2.2         8.016
       185 53.111908  8.820183       -1 13.97           2.8         11.70
       186  53.11192  8.820297       -1 14.16             2         7.771
       187 53.111937  8.820408       -1 14.34           2.1         7.690
       188  53.11196  8.820527       -1 14.28             2         8.391
       189 53.111992  8.820692       -2 14.44           2.9         11.64
       190 53.112005    8.8208       -2 14.36           2.1         7.395
       191 53.112017    8.8209       -2 13.62             2         6.847
       192 53.112033  8.821057       -2 13.11             3         10.69
       193 53.112077  8.821238        0 10.15             2         13.10
       194 53.112138   8.82129        3   9.8             2         7.636
       195 53.112147   8.82138        3  9.38             2         6.127
       196 53.112155  8.821548        0 11.24           2.9         11.31
       197 53.112173   8.82165        0  11.7             2         7.137
       198 53.112178  8.821748        1  12.1           2.1         6.605
       199 53.112172  8.821872        1 11.99             2         8.353
       200 53.112045  8.821945        1 11.71           2.9         14.96
       201  53.11197  8.821995        0 12.07             2         8.999
       202 53.111938  8.822082        0 12.29           2.1         6.843
       203 53.111955    8.8222        0 12.73             2         8.146
       204 53.111975  8.822325       -1 13.61             2         8.684
       205 53.112003  8.822443        0 14.07             2         8.514
       206  53.11202  8.822553       -1 13.91             2         7.625
       207 53.112002   8.82271        0 13.34           2.9         10.73
       208 53.111988  8.822807        0 12.58             2         6.698
       209 53.111968  8.822915        0  12.5           2.1         7.586
       210 53.111927  8.823007        0 12.31             2         7.681
       211  53.11185  8.823157        0 13.34           2.9         13.22
       212  53.11179  8.823252        0 13.93             2         9.236
       213 53.111743  8.823338        0 14.09             2         7.793
       214 53.111688   8.82341        0    14           2.1         7.802
       215 53.111635  8.823492        0 13.48             2         8.070
       216 53.111573  8.823608        0 13.01             3         10.41
       217 53.111533  8.823688        0 12.44             2         6.978
       218 53.111487   8.82376        0 12.14             2         7.043
       219 53.111438  8.823817        0 11.64             2         6.665
       220 53.111373  8.823882       -1 12.18             2         8.450
       221 53.111295  8.823995        0 12.36           2.9         11.53
       222 53.111263  8.824078       -2 12.78           2.1         6.616
       223 53.111225  8.824222       -2 12.73             3         10.55
       224  53.11119  8.824327       -2 12.55             2         8.056
       225 53.111145   8.82448       -1 13.25           2.9         11.43
       226 53.111107  8.824598       -1 13.71             2         8.982
       227 53.111088  8.824692       -1 13.26             2         6.658
       228 53.111067  8.824797        0  12.7             2         7.429
       229  53.11103  8.824882        0 12.41             2         7.039
       230  53.11099  8.824977        0 11.87             2         7.780
       231 53.110968  8.825077        0 12.01             2         7.148
       232  53.11094  8.825185        0 12.36           2.1         7.894
       233 53.110913   8.82528        0  12.3             2         7.053
       234 53.110885   8.82537        1 12.45             2         6.801
       235 53.110843  8.825482        1 13.53             2         8.855
       236 53.110825    8.8256        1 13.49             2         8.173
       237 53.110792  8.825693        1 13.65             2         7.246
       238 53.110747  8.825788        2 13.49             2         8.111
       239 53.110713  8.825885        2 12.57             2         7.534
       240 53.110668  8.826027        2 11.88             3         10.77
       241 53.110635  8.826137        2 11.95             2         8.250
       242 53.110595  8.826312        3 12.04           2.9         12.56
       243  53.11056  8.826428        3 12.75             2         8.709
       244  53.11054  8.826532        3 12.86           2.1         7.331
       245 53.110503  8.826637        2 12.99             2         8.166
       246 53.110452  8.826748        2 13.72             2         9.369
       247 53.110405  8.826828        2 14.07             2         7.499
       248 53.110355  8.826918        3 14.79             2         8.216
       249 53.110328  8.827047        2    15             2         9.169
       250 53.110307  8.827217        2 14.09           2.9         11.65
       251 53.110287  8.827338        1 13.83           2.1         8.425
       252 53.110268  8.827427        1 12.67             2         6.341
       253 53.110253  8.827532        2 12.05             2         7.246
       254 53.110215  8.827645        2 11.92             2         8.687
       255 53.110188  8.827745        2 11.71             2         7.358
       256  53.11014  8.827988        1  12.6           3.9         17.16
       257  53.11012  8.828082        1  11.9             2         6.694
       258 53.110095   8.82816        1 12.15           2.1         5.933
       259 53.110052  8.828258        1 12.19             2         8.138
       260 53.110003  8.828352        1 12.13             2         8.343
       261  53.10996  8.828428        1 12.26             2         6.998
       262 53.109903   8.82852        1 12.52             2         8.856
       263 53.109858  8.828617        1 13.05             2         8.217
       264  53.10983  8.828715        1 12.59             2         7.282
       265 53.109793  8.828803        1 12.43             2         7.204
       266 53.109743  8.828912        1  12.7             2         9.195
       267 53.109727  8.829007        1 12.11             2         6.624
       268 53.109703  8.829093        1  12.1             2         6.364
       269 53.109673  8.829195        1 12.06             2         7.621
       270 53.109645  8.829302        1 11.91             2         7.832
       271 53.109608  8.829418        2 12.42             2         8.811
       272 53.109563  8.829578        2  13.1             3         11.85
       273 53.109527  8.829738        3 13.08           2.9         11.47
       274 53.109502  8.829835        3 13.03             2         7.084
       275 53.109463   8.82994        3 13.26             2         8.280
       276  53.10944  8.830037        3 13.17             2         7.000
       277  53.10942  8.830135        3 13.23           2.1         6.948
       278 53.109397  8.830235        3 12.84             2         7.187
       279 53.109358  8.830333        3  12.7             2         7.884
       280 53.109323  8.830448        3 12.92             2         8.650
       281 53.109282  8.830567        3 13.08             2         9.202
       282 53.109248  8.830682        3 13.71             2         8.600
       283 53.109217  8.830782        3 13.37             2         7.551
       284 53.109188  8.830885        4 13.64             2         7.633
       285 53.109158  8.830973        4 13.05             2         6.789
       286 53.109103  8.831103        4 12.43             3         10.66
       287  53.10906  8.831218        4  12.3             2         9.085
       288 53.109033  8.831338        3 12.44             2         8.600
       289 53.109002  8.831447        3 13.09             2         8.092
       290 53.108948  8.831612        3 13.97           2.9         12.60
       291 53.108917  8.831717        2 13.83             2         7.851
       292 53.108888  8.831828        2 14.28             2         8.123
       293 53.108853   8.83197        2 14.61             2         10.30
       294 53.108838  8.832065        2 14.78             2         6.595
       295 53.108823  8.832177        3  15.1           2.1         7.705
       296 53.108803  8.832283        3 15.27             2         7.459
       297 53.108795  8.832443        4 13.98           2.9         10.78
       298 53.108778  8.832563        3  13.5           2.1         8.278
       299 53.108773  8.832685        3 12.68             2         8.212
       300 53.108777  8.832792        3 12.69             2         7.200
       301 53.108773  8.832955        2 13.05           2.9         10.95
       302  53.10878   8.83306        2 13.05             2         7.095
       303 53.108728  8.833118        1 13.29             2         6.978
       304 53.108618  8.833103        0 14.02             2         12.28
       305 53.108537  8.833047        0 14.05           2.1         9.769
       306 53.108488  8.832997        0  13.4             2         6.407
       307 53.108383  8.832953       -1 13.06           2.9         12.05
       308 53.108328  8.832897       -1 11.67           2.1         7.186
       309 53.108278  8.832853       -1 11.76             2         6.303
       310 53.108225  8.832803       -1 11.92             2         6.790
       311 53.108162  8.832747       -1 11.92             2         7.958
       312 53.108087  8.832687       -2  12.8             2         9.270
       313 53.108032  8.832642       -2 13.16             2         6.829
       314 53.107978  8.832582       -2 13.91             2         7.238
       315 53.107978  8.832457       -3 13.82             2         8.359
       316  53.10802   8.83228       -3 13.59           2.9         12.77
       317 53.108052   8.83217       -3 13.46             2         8.201
       318  53.10808  8.832063       -3 13.67             2         7.833
       319  53.10812  8.831957       -3 13.87           2.1         8.396
       320 53.108148  8.831803       -2 13.52             3         10.80
       321 53.108198  8.831667       -1  12.7             3         10.69
       322 53.108243  8.831568        0 12.04             2         8.324
       323  53.10827  8.831457        0 11.85             2         8.037
       324 53.108293   8.83135        0 11.88             2         7.628
       325  53.10831  8.831235        0 12.02             2         7.951
       326 53.108328  8.831103        0 11.92             2         9.087
       327 53.108342  8.830928        0 11.79           2.9         11.85
       328 53.108338   8.83081        0 12.06             2         7.937
       329 53.108347  8.830703        0 12.06           2.1         7.256
       330 53.108337  8.830593        0 12.58             2         7.471
       331 53.108323  8.830482        0 12.67             2         7.616
       332 53.108313  8.830368        0 12.87             2         7.736
       333 53.108302  8.830265        0 12.62             2         7.025
       334  53.10828  8.830103        1 12.57           2.9         11.15
       335 53.108268  8.829988        1 12.49           2.1         7.838
       336 53.108257  8.829872        0 12.66             2         7.886
       337 53.108247   8.82975        0 12.94             2         8.268
       338 53.108252  8.829632        0 13.14             2         7.944
       339 53.108233  8.829527        0 13.11             2         7.362
       340 53.108237    8.8294        0 13.29             2         8.540
       341 53.108232  8.829242        1 13.28           2.9         10.62
       342 53.108238  8.829128        1 13.15             2         7.685
       343 53.108243   8.82901        1 12.34             2         7.944
       344 53.108257  8.828898        1 12.21             2         7.681
       345  53.10825  8.828782        1 12.18           2.1         7.829
       346 53.108248  8.828675        1 12.23             2         7.190
       347 53.108225  8.828578        0 12.78             2         7.000
       348 53.108217  8.828475        0 12.79             2         6.975
       349 53.108218  8.828368        0 12.98             2         7.187
       350 53.108213  8.828268        0 12.57             2         6.739
       351  53.10821   8.82816        0 12.44             2         7.261
       352  53.10821  8.828052        0 12.53             2         7.223
       353 53.108213  8.827933        0 12.48             2         7.998
       354  53.10821  8.827815        0 12.99             2         7.931
       355 53.108208  8.827707        0 12.98             2         7.257
       356 53.108205  8.827535       -1 13.09           2.9         11.55
       357   53.1082  8.827432       -1 12.68           2.1         6.940
       358 53.108187  8.827278        0 12.27             3         10.44
       359 53.108185  8.827173        0 12.01             2         7.055
       360 53.108188  8.827045       -1 12.18             2         8.602
       361 53.108172   8.82686       -1 12.45           2.9         12.55
       362 53.108165  8.826738        0 12.69           2.1         8.230
       363  53.10816  8.826637        0 12.29             2         6.806
       364 53.108153  8.826543        0 11.64             2         6.362
       365 53.108158  8.826425        1 11.67             2         7.944
       366 53.108167  8.826312        1  11.7             2         7.655
       367  53.10816   8.82614        1 12.04             3         11.57
       368 53.108153  8.826038        1 13.03             2         6.895
       369 53.108142  8.825938        0 12.64             2         6.827
       370 53.108122  8.825777        0 12.44             3         11.04
       371 53.108077  8.825613        0 11.75           2.9         12.10
       372 53.108048  8.825525        0 11.55           2.1         6.735
       373 53.108002  8.825422        0 12.44             2         8.606
       374 53.107953    8.8253        0 12.64             2         9.842
       375 53.107918  8.825213        0 12.84             2         7.023
       376 53.107828  8.825132        0 13.06           2.9         11.40
       377 53.107753  8.825075        0 12.87             2         9.184
       378 53.107677  8.825032        0 13.65           2.1         8.939
       379 53.107615   8.82498        0 13.69             2         7.735
       380  53.10757  8.824913        0 13.73             2         6.734
       381 53.107518  8.824858        0 13.09             2         6.868
       382 53.107427  8.824798        0 12.22           2.9         10.90
       383 53.107372  8.824752        0 11.95             2         6.859
       384 53.107315  8.824715        0 11.27             2         6.815
       385 53.107257  8.824683        0 10.77             2         6.806
       386 53.107188  8.824628        1 10.97           2.1         8.523
       387 53.107128  8.824575        1 11.05             2         7.569
       388 53.107018   8.82453        1  11.9           2.9         12.61
       389 53.106952  8.824472        2 12.73           2.1         8.316
       390 53.106893  8.824397        2 12.64             2         8.277
       391 53.106828   8.82426        2 12.87             3         11.70
       392 53.106818   8.82414        2 12.83             2         8.135
       393 53.106793   8.82405        1  12.5             2         6.655
       394 53.106747  8.823987        0 12.38             2         6.644
       395 53.106663  8.823908        0 11.96             3         10.75
       396 53.106597  8.823863        0 12.39             2         7.945
       397 53.106498  8.823807       -1 12.72             3         11.64
       398 53.106435  8.823762       -1 13.15             2         7.637
       399 53.106382   8.82371       -2 12.97             2         6.857
       400 53.106317  8.823662       -2 12.86             2         7.922
       401 53.106222   8.82361       -2 12.96           2.9         11.14
       402  53.10615  8.823593       -1 13.26             2         8.096
       403 53.106072  8.823598       -2 13.45             2         8.689
       404 53.105995  8.823613       -2 13.16             2         8.631
       405 53.105943  8.823638       -1 12.97           2.1         6.029
       406  53.10588  8.823683       -1 12.67             2         7.637
       407 53.105793   8.82375        0 11.57           2.9         10.68
       408 53.105737  8.823783        0 11.21             2         6.617
       409 53.105672  8.823817        0 11.67             2         7.588
       410 53.105617  8.823858        0  11.5           2.1         6.714
       411 53.105567  8.823883        0 11.47             2         5.815
       412 53.105508  8.823922        0 11.59             2         7.072
       413  53.10542  8.823997        0 11.16             3         11.01
       414 53.105363  8.824047        0 11.21             2         7.180
       415 53.105303  8.824092        0 11.06             2         7.332
       416 53.105233  8.824133        1 11.36             2         8.265
       417  53.10516   8.82417        1 11.63             2         8.498
       418 53.105115  8.824208        1 11.12             2         5.624
       419 53.105047  8.824247        1 11.48             2         8.010
       420 53.104978  8.824287        1 10.96             2         8.138
       421 53.104925  8.824307        1 10.04             2         6.052
       422 53.104833  8.824363        1 10.21           2.9         10.91
       423 53.104775  8.824418        2  9.77           2.1         7.439
       424 53.104705   8.82448        3  9.86             2         8.835
       425 53.104628  8.824548        3  9.32           2.9         9.712
       426 53.104558  8.824593        3  9.66             2         8.358
       427 53.104482  8.824637        3 10.04           2.1         8.961
       428 53.104413  8.824668        3 10.85             2         7.959
       429 53.104327  8.824722        3 12.01             2         10.24
       430 53.104252  8.824773        3 11.89           2.9         9.024
       431 53.104183  8.824823        3  12.4           2.1         8.383
       432 53.104123   8.82488        3  11.9             2         7.699
       433 53.104018  8.824943        3  12.3             3         12.43
       434 53.103955  8.824992        3 12.48             2         7.747
       435 53.103892  8.825042        4 12.27             2         7.776
       436 53.103815  8.825092        3 13.05             2         9.206
       437 53.103717  8.825165        3 13.19           2.9         11.96
       438 53.103658  8.825207        3 12.28             2         7.149
       439 53.103578  8.825242        3    12             2         9.210
       440 53.103527   8.82529        1 11.12             2         6.530
       441 53.103458  8.825352        0 11.46             2         8.737
       442 53.103395  8.825413        0 11.67             2         8.122
       443 53.103347  8.825465        1 11.38             2         6.385
       444 53.103307   8.82551        1 11.09           2.1         5.383
       445 53.103255  8.825568        2  9.74             2         6.978
       446 53.103205  8.825642        3  9.35             2         7.463
       447 53.103127  8.825743        4  9.41             3         11.02
       448 53.103033  8.825843        5 11.37           3.1         12.43
       449 53.102893   8.82591        5 13.17           2.8         16.22
       450 53.102772   8.82599        6 13.22           4.1         14.50
       451 53.102705  8.825997        6 12.26             2         7.474
       452 53.102628   8.82601        5 10.91             2         8.616
       453 53.102563   8.82602        5  9.65             2         7.268
       454 53.102513  8.826033        4  8.69             2         5.636
       455 53.102455  8.826072        3  8.37             2         6.969
       456 53.102335  8.826137        3  9.15           2.9         14.05
       457 53.102265  8.826185        3 10.04             2         8.433
       458 53.102203  8.826215        3  10.7           2.1         7.191
       459 53.102153  8.826252        3 10.38             2         6.097
       460 53.102063  8.826305        3 10.24             3         10.63
       461 53.101953  8.826302        2 11.46           2.9         12.24
       462  53.10191   8.82619        1 12.02             2         8.916
       463 53.101892  8.826067        0 12.86             2         8.501
       464 53.101847  8.826013        0  12.2             2         6.186
       465 53.101795  8.826045       -1 11.53           2.1         6.176
       466 53.101692  8.826165       -2 11.39           2.9         14.01
       467 53.101623  8.826225       -2 11.56             2         8.674
       468 53.101557  8.826272       -1 12.41             2         7.997
       469 53.101495  8.826323       -1 12.75             2         7.706
       470 53.101428   8.82637       -1 12.93           2.1         8.099
       471 53.101345  8.826423       -1 12.02             3         9.901
       472 53.101265  8.826475        0  10.5             3         9.565
       473 53.101147   8.82653        0 11.48             3         13.64
       474 53.101065  8.826572        0 12.48             2         9.554
       475    53.101  8.826605        0 12.91             2         7.568
       476 53.100937   8.82663        0 13.55             2         7.212
       477  53.10084  8.826643        0 12.95           2.9         10.83
       478 53.100777   8.82664        0 12.36           2.1         7.017
       479 53.100675  8.826658        0 12.58             3         11.42
       480 53.100577  8.826655        0 12.27           2.9         10.91
       481 53.100498  8.826643        0 12.91           2.1         8.831
       482 53.100392  8.826643        0 12.73             3         11.77
       483 53.100323  8.826637        0 13.08             2         7.692
       484 53.100232  8.826593        0 12.36           2.9         10.55
       485 53.100157  8.826578        0 12.33             2         8.410
       486  53.10007  8.826557        0 13.17             2         9.786
       487 53.100002  8.826527        0 13.27             2         7.834
       488 53.099935  8.826492        0 13.47           2.1         7.821
       489 53.099875  8.826437        0 13.44             2         7.633
       490  53.09979  8.826368        0 12.74           2.9         10.54
       491 53.099743  8.826318        0 12.14             2         6.219
       492 53.099695  8.826273        0 11.69           2.1         6.140
       493 53.099692  8.826155        0 11.49             2         7.933
       494 53.099728   8.82604        0 11.98             2         8.702
       495 53.099757  8.825948       -1  12.2             2         6.973
       496 53.099787  8.825838       -1 12.55             2         8.108
       497 53.099818  8.825727       -1 12.54             2         8.216
       498 53.099853  8.825623        0 11.97             2         7.999
       499 53.099883  8.825517        0 12.18             2         7.864
       500 53.099913  8.825405        0 12.61             2         8.231
       501 53.099947  8.825298        0 12.83             2         8.123
       502 53.099973   8.82519        0 13.12             2         7.810
       503 53.100007   8.82509        0 13.45             2         7.710
       504 53.100038  8.824992        0 12.99             2         7.433
       505 53.100062  8.824872        0 12.82             2         8.491
       506 53.100098  8.824717        0 12.71           2.9         11.15
       507 53.100122   8.82462        1 12.69             2         7.042
       508 53.100148  8.824512        1 12.72           2.1         7.810
       509 53.100178  8.824398        1 12.79             2         8.354
       510   53.1002  8.824288        2 12.71             2         7.784
       511  53.10022  8.824217        2 12.44             2         5.265
       512 53.100248  8.824122        2 12.34             2         7.102
       513 53.100278  8.824018        2 12.19             2         7.743
       514 53.100305  8.823923        2 12.34             2         7.054
       515 53.100347  8.823827        2 12.69             2         7.965
       516 53.100378  8.823722        2 12.94             2         7.852
       517  53.10041  8.823625        2 13.14             2         7.426
       518 53.100452  8.823465        1 13.71           2.9         11.72
       519 53.100487  8.823368        1 13.84             2         7.592
       520 53.100517  8.823273        1 13.69           2.1         7.203
       521 53.100537  8.823175        0 13.69             2         6.949
       522 53.100565  8.823083        0 13.26             2         6.922
       523 53.100593  8.822983        0 13.06             2         7.405
       524 53.100627  8.822892        0 12.98             2         7.190
       525 53.100653  8.822792        0 12.67             2         7.314
       526 53.100705  8.822622        0 13.38           2.9         12.80
       527 53.100722  8.822522        0 13.71             2         6.979
       528 53.100737  8.822413        0 13.61           2.1         7.510
       529 53.100753  8.822308       -1  13.5             2         7.274
       530  53.10078  8.822208       -1 13.09             2         7.359
       531 53.100807  8.822113       -1    13             2         7.054
       532 53.100835  8.822018       -2 12.83             2         7.102
       533 53.100857  8.821913       -2  12.8             2         7.466
       534 53.100903   8.82176       -2 12.44           2.9         11.48
       535 53.100928  8.821648       -2 12.39             2         8.021
       536 53.100958  8.821533       -1 12.65             2         8.415
       537 53.100985  8.821427       -1 12.51           2.1         7.728
       538 53.101018  8.821327       -1 12.94             2         7.656
       539 53.101058  8.821225        0 13.27             2         8.171
       540  53.10109  8.821132        0 13.15             2         7.191
       541 53.101115  8.821033        0 13.28             2         7.209
       542 53.101143  8.820947       -1 13.19             2         6.565
       543 53.101172  8.820848       -1 13.01             2         7.392
       544 53.101203  8.820737       -1 13.12             2         8.215
       545 53.101232  8.820638       -1 13.29           2.1         7.392
       546 53.101277   8.82048       -1 13.21           2.9         11.73
       547 53.101322  8.820327       -1 13.19             3         11.43
       548 53.101372  8.820175        0 13.23           2.9         11.63
       549 53.101403  8.820078        0 13.38             2         7.373
       550 53.101428   8.81998        0 13.11             2         7.147
       551 53.101465  8.819872        0  13.6           2.1         8.342
       552  53.10149  8.819777        0 13.03             2         6.962
       553 53.101522  8.819682        0 12.66             2         7.308
       554 53.101577   8.81953        0 12.53           2.9         11.90
       555 53.101607  8.819415        0 12.43           2.1         8.415
       556 53.101658  8.819278        0 12.95           2.9         10.81
       557  53.10169  8.819173        0 13.21           2.1         7.901
       558 53.101728  8.819003        0 13.73           2.9         12.17
       559 53.101753  8.818898        1 13.61             2         7.582
       560 53.101802  8.818757        1 13.47           3.1         10.93
       561 53.101858  8.818603        0 13.65           2.9         12.07
       562 53.101893   8.81852        0 13.57             2         6.802
       563  53.10192  8.818422        0 13.82           2.1         7.236
       564 53.101953  8.818323        0 13.46             2         7.597
       565 53.101998   8.81816        0 13.18             3         12.04
       566 53.102032  8.818048        0 13.66             2         8.421
       567 53.102065   8.81794        0  13.9             2         8.131
       568   53.1021   8.81784        0 14.19             2         7.765
       569 53.102123  8.817745        0 14.15             2         6.876
       570 53.102153  8.817637        0 13.91             2         7.986
       571 53.102162   8.81748       -1 13.76           2.9         10.59
       572 53.102132  8.817378       -1 13.93             2         7.622
       573  53.10212  8.817272        0 13.79           2.1         7.244
       574 53.102138  8.817162       -1 13.37             2         7.655
       575 53.102165  8.817057       -1 13.28             2         7.666
       576 53.102205  8.816907       -1 12.79           2.9         11.01
       577 53.102222  8.816793       -1 12.76           2.1         7.887
       578 53.102235  8.816678        0 12.99             2         7.858
       579 53.102252  8.816575        0 12.89             2         7.173
       580 53.102247  8.816483        0 12.57             2         6.205
       581  53.10219   8.81643        0 12.34             2         7.276
       582 53.102133  8.816368       -1 12.17             2         7.590
       583 53.102078  8.816313       -1 12.28             2         7.151
       584 53.102025  8.816172       -2 13.22             3         11.16
       585 53.102037   8.81605       -2  13.3             2         8.302
       586 53.102068  8.815883       -2 13.63           2.9         11.73
       587 53.102095  8.815772       -2 13.77           2.1         8.038
       588  53.10213   8.81561       -2 13.86           2.9         11.56
       589 53.102155    8.8155       -2 13.94             2         7.895
       590 53.102177   8.81539       -3 13.94             2         7.784
       591   53.1022  8.815297       -3 13.61             2         6.752
       592 53.102217  8.815228       -2 11.78           2.1         5.008
       593 53.102223  8.815215       -2 10.44           2.5         1.104
