Serial No.  Latitude Longitude Altitude Speed Interval time Interval Dist
         1 53.102522  8.826002        1  2.58             0             0
         2 53.102557  8.825987        0  3.68             2         4.027
         3 53.102613   8.82596        0  5.35           2.2         6.494
         4   53.1027  8.825925        0  7.45           2.8         9.965
         5 53.102747  8.825898        0  8.73             2         5.539
         6   53.1028  8.825885        0  7.44             3         5.966
         7 53.102887   8.82587        0  8.17             2         9.736
         8 53.102963  8.825847        0   8.2             2         8.600
         9 53.103047  8.825775        0  8.33             2         10.53
        10 53.103108   8.82571        1 10.36             2         8.073
        11 53.103158  8.825643        1 10.62             2         7.158
        12 53.103205  8.825577        1 10.75             2         6.858
        13 53.103258  8.825523        1 10.72             2         6.926
        14 53.103312  8.825457        1 10.51             2         7.469
        15 53.103367  8.825387        1 10.64             2         7.720
        16 53.103423  8.825327        1  11.1             2         7.424
        17 53.103477  8.825262        1 11.47             2         7.430
        18 53.103528   8.82522        1 11.45             2         6.341
        19 53.103582   8.82518        1 11.11             2         6.585
        20  53.10363   8.82514        1 10.59             2         5.982
        21 53.103687  8.825107        1  10.3             2         6.722
        22 53.103743  8.825082        1  9.99             2         6.457
        23 53.103803  8.825045        1    10             2         7.127
        24 53.103852  8.825012        1  9.95             2         5.889
        25 53.103907  8.824967        1  9.93             2         6.829
        26 53.103947  8.824917        1  9.75             2         5.579
        27 53.103993   8.82488        1  9.42             2         5.694
        28 53.104045  8.824837        1 10.05             2         6.470
        29 53.104107  8.824802        1 10.21             2         7.292
        30 53.104163  8.824782        1 10.66             2         6.378
        31 53.104227  8.824753        1 11.04             2         7.387
        32 53.104278  8.824722        0  10.6           2.1         6.049
        33 53.104358  8.824647        0 10.81           2.9         10.23
        34 53.104413  8.824613        0 10.82             2         6.536
        35  53.10447  8.824582        0 10.96             2         6.679
        36 53.104518  8.824558        0 10.36             2         5.583
        37 53.104572  8.824533        0 10.29             2         6.243
        38 53.104628  8.824485        1  9.92             2         7.019
        39 53.104702  8.824423        0 10.52             2         9.230
        40 53.104768  8.824368        0 11.53             2         8.224
        41 53.104837  8.824317        0 11.96             2         8.410
        42 53.104898  8.824253        0  12.7             2         8.037
        43 53.104963  8.824212        0 12.49             2         7.743
        44  53.10502  8.824178        2  12.2             2         6.745
        45 53.105067  8.824142        2 11.42             2         5.765
        46 53.105113   8.82412        3 10.31             2         5.332
        47 53.105165  8.824082        3  9.88             2         6.328
        48 53.105222   8.82404        3  9.46           2.1         6.945
        49 53.105307  8.823985        4  9.76           2.9         10.16
        50 53.105362  8.823953        4 10.03             2         6.490
        51 53.105422  8.823907        4 10.36             2         7.360
        52 53.105475   8.82387        3 10.44             2         6.403
        53 53.105528  8.823825        3 10.59             2         6.630
        54  53.10559  8.823765        2 11.08             2         7.992
        55 53.105647  8.823708        2 11.14             2         7.411
        56 53.105705  8.823657        3  11.8             2         7.310
        57 53.105762  8.823607        3 12.35             2         7.180
        58 53.105823  8.823577        4 12.47             2         7.084
        59 53.105885  8.823542        4 12.68             2         7.292
        60 53.105943  8.823528        4 12.82             2         6.526
        61 53.105995  8.823523        4 12.39             2         5.800
        62 53.106057  8.823505        3 11.81             2         7.008
        63 53.106118  8.823485        3 11.09             2         6.923
        64 53.106175   8.82348        3    10             2         6.355
        65  53.10622  8.823493        3  9.04             2         5.087
        66 53.106272  8.823505        3  8.75             2         5.846
        67  53.10634  8.823532        4  9.05             2         7.784
        68 53.106405  8.823577        4  9.65             2         7.842
        69 53.106457  8.823635        5 10.01             2         6.978
        70 53.106505  8.823687        4   9.9             2         6.385
        71  53.10656  8.823738        4  9.43             2         7.016
        72 53.106625    8.8238        3  9.44             2         8.348
        73  53.10668  8.823848        2  9.65             2         6.920
        74 53.106722  8.823885        2  9.08             2         5.297
        75 53.106783  8.823932        2  9.33           2.1         7.489
        76 53.106885   8.82399        3  9.55           2.9         12.00
        77 53.106955  8.823998        3  10.3             2         7.811
        78 53.107017  8.824002        3 11.32             2         6.908
        79 53.107062     8.824        2 11.08             2         5.013
        80  53.10712  8.824003        2 10.83             2         6.461
        81 53.107178  8.824008        1 10.89             2         6.467
        82 53.107247  8.824008        0 11.22             2         7.661
        83 53.107313  8.824018        0 12.03             2         7.379
        84 53.107365  8.824043        0 11.71             2         6.029
        85 53.107425  8.824052        0 11.43             2         6.708
        86  53.10749  8.824062        1 11.15             2         7.268
        87 53.107552   8.82407        1 10.86             2         6.924
        88 53.107623  8.824107        1 11.76             2         8.285
        89 53.107685   8.82414        1 12.12             2         7.250
        90 53.107737   8.82417        1  11.4             2         6.131
        91 53.107792  8.824197        1  10.8             2         6.387
        92 53.107857  8.824225        1 10.68             2         7.477
        93 53.107927  8.824257        2 10.64             2         8.084
        94 53.107988   8.82429        2 11.71             2         7.144
        95 53.108045  8.824325        3 12.14             2         6.768
        96 53.108108  8.824353        3 11.72           2.1         7.262
        97 53.108207  8.824392        3 11.49           2.9         11.33
        98 53.108265  8.824422        2 11.06             2         6.765
        99 53.108332  8.824455        1 11.85             2         7.781
       100 53.108395   8.82449        1 12.17             2         7.397
       101  53.10845  8.824502        1 12.14             2         6.177
       102 53.108515  8.824512        1 12.33             2         7.268
       103 53.108575  8.824528        0 12.01             2         6.766
       104  53.10865  8.824537        0 12.31             2         8.371
       105 53.108705   8.82453        0  11.4             2         6.142
       106 53.108767  8.824523        0  10.8             2         6.919
       107  53.10882  8.824533        0 10.62             2         5.940
       108 53.108887   8.82454        1 10.33             2         7.474
       109  53.10895  8.824535        1 11.47             2         7.022
       110 53.109013  8.824537        1 12.02             2         7.015
       111  53.10908  8.824513        1 12.74             2         7.631
       112 53.109142  8.824492        1 12.62             2         7.045
       113 53.109192  8.824453        1 12.22             2         6.153
       114  53.10925  8.824412        1 12.26             2         7.020
       115 53.109315   8.82439        1 11.87             2         7.386
       116 53.109385  8.824385        2 11.95             2         7.800
       117  53.10945  8.824377        2 12.38             2         7.257
       118 53.109513  8.824393        2 12.13             2         7.096
       119 53.109572  8.824385        2 12.03             2         6.591
       120  53.10963  8.824402        2 12.13             2         6.558
       121 53.109692  8.824415        1 12.25             2         6.958
       122  53.10976  8.824405        1 12.21             2         7.600
       123 53.109818   8.82441        1 12.13             2         6.467
       124 53.109887  8.824418        1 11.96             2         7.700
       125 53.109955  8.824427        1  11.6             2         7.594
       126 53.110022  8.824425        1 12.02             2         7.460
       127 53.110083  8.824407        1 12.29             2         6.898
       128 53.110148  8.824392        1 12.47             2         7.306
       129 53.110207  8.824398        2 12.32             2         6.581
       130 53.110267   8.82441        2 11.96             2         6.729
       131 53.110335  8.824427        3 11.84             2         7.656
       132  53.11041  8.824447        3  11.5             2         8.456
       133 53.110477  8.824483        4 11.49             2         7.841
       134 53.110525  8.824522        3 11.43             2         5.952
       135 53.110585   8.82458        2 11.19             2         7.732
       136 53.110638  8.824653        2 11.16             2         7.671
       137 53.110685  8.824695        2 10.85             2         5.945
       138 53.110738  8.824727        2 10.65             2         6.280
       139 53.110787  8.824768        2 10.28             2         6.112
       140 53.110835  8.824797        1 10.33             2         5.689
       141 53.110893  8.824825        1 10.05             2         6.726
       142 53.110943  8.824862        1  9.66             2         6.097
       143  53.11097   8.82496        1  9.96             2         7.235
       144 53.110958  8.825053        1   9.3             2         6.387
       145 53.110932  8.825133        1  9.57             2         6.103
       146 53.110905  8.825205        1  9.45             2         5.694
       147 53.110873  8.825258        1  8.71             2         5.037
       148 53.110848    8.8253        0  7.38             2         3.965
       149 53.110832  8.825337        0  5.86           2.3         3.060
       150 53.110807  8.825397        0  3.65           3.7         4.899
       151   53.1108  8.825435        0  3.26             2         2.671
       152 53.110798  8.825457        0  2.77             2         1.498
       153  53.11079  8.825485        0  2.22             3         2.084
       154  53.11079  8.825502        0  1.07             5         1.141
       155 53.110805  8.825515        1  0.22            17         1.888
       156 53.110813  8.825532        2  0.18            14         1.452
       157  53.11082  8.825552        3  0.37             9         1.557
       158 53.110805  8.825568        5  0.92             8         1.989
       159 53.110793  8.825595        4  1.71             2         2.256
       160 53.110765  8.825668        4  4.06             2         5.811
       161  53.11073  8.825748        3  6.75             2         6.637
       162  53.11069  8.825843        3  9.26             2         7.780
       163 53.110668  8.825935        2 10.68             2         6.647
       164 53.110638   8.82603        2  10.9             2         7.201
       165 53.110602   8.82614        2 11.48             2         8.404
       166 53.110567  8.826242        2 11.41             2         7.880
       167 53.110532  8.826333        1 11.59             2         7.248
       168 53.110505  8.826437        1 11.54             2         7.603
       169 53.110477  8.826533        1 11.35             2         7.161
       170 53.110443  8.826633        0  11.4             2         7.709
       171 53.110407  8.826713        0 11.05             2         6.703
       172 53.110352   8.82682        0 11.55             2         9.439
       173 53.110328  8.826938        0 11.32             2         8.362
       174 53.110315  8.827053       -1 10.81             2         7.857
       175 53.110283  8.827172        0 11.73             2         8.749
       176 53.110257  8.827293        0 11.61             2         8.625
       177 53.110227  8.827403        0 11.84             2         8.107
       178 53.110197  8.827495        0 11.89             2         7.024
       179 53.110173  8.827602        0 11.35             2         7.666
       180 53.110153    8.8277        0 10.62             2         6.948
       181 53.110135  8.827812        0 10.77             2         7.784
       182 53.110132  8.827915        0 11.07             2         6.925
       183 53.110133     8.828        0 10.43             2         5.710
       184 53.110107  8.828062        0   9.9             2         5.073
       185 53.110077  8.828127        0  9.09             2         5.498
       186 53.110042   8.82821        0  8.99             2         6.801
       187 53.110007  8.828292        0  9.55             2         6.746
       188 53.109962  8.828382        0 10.69             2         7.850
       189 53.109915   8.82847        0 11.29             2         7.893
       190 53.109877  8.828553        0 11.43             2         6.998
       191  53.10984  8.828648        0 11.83           2.1         7.594
       192 53.109793   8.82878        0 11.12           2.9         10.29
       193  53.10976  8.828878       -1 11.19             2         7.537
       194 53.109728  8.828973        0 11.16             2         7.307
       195   53.1097  8.829068       -2 11.27             2         7.101
       196 53.109672  8.829162       -2 11.57             2         7.041
       197 53.109645  8.829258       -2 11.99             2         7.114
       198 53.109622   8.82936       -2 11.78             2         7.313
       199  53.10959  8.829455       -1  11.8             2         7.307
       200 53.109562  8.829558        0 12.23             2         7.587
       201 53.109532  8.829667        0 12.22           2.1         8.046
       202 53.109487  8.829818        0 12.59           2.9         11.31
       203  53.10945  8.829912        0 12.43             2         7.538
       204 53.109428  8.829997        0 11.68             2         6.212
       205   53.1094  8.830093        0 11.47             2         7.161
       206 53.109378  8.830182        0 11.16             2         6.460
       207 53.109345  8.830275        0 11.13             2         7.246
       208 53.109317  8.830363        0 11.32           2.1         6.682
       209 53.109267  8.830498        0 11.36           2.9         10.64
       210 53.109235  8.830595        0 11.39             2         7.425
       211 53.109208  8.830682        0 11.28             2         6.571
       212  53.10918   8.83078       -1  11.6             2         7.282
       213  53.10915   8.83089       -1 12.04           2.1         8.107
       214  53.10911  8.831038        0 12.21           2.9         10.89
       215 53.109087  8.831122        0 11.79             2         6.196
       216 53.109065  8.831212        0 11.37             2         6.522
       217 53.109038  8.831297        0  10.9             2         6.452
       218  53.10901  8.831382        0 10.34             2         6.505
       219 53.108983  8.831467        0 10.41             2         6.452
       220 53.108965   8.83154        0  9.66             2         5.298
       221 53.108937  8.831625        0  9.44             2         6.505
       222  53.10891  8.831725        0  9.43             2         7.358
       223 53.108883  8.831823        0  9.72             2         7.236
       224 53.108862  8.831945        0  10.9             2         8.520
       225 53.108837  8.832075        0 12.39             2         9.162
       226 53.108823   8.83219        0 13.26             2         7.879
       227   53.1088  8.832305        0  13.9             2         8.136
       228 53.108777   8.83242        0 14.08           2.1         8.136
       229 53.108763  8.832585        0 13.52           2.9         11.19
       230 53.108753  8.832703        0 13.62             2         8.002
       231 53.108747   8.83282        0 13.16             2         7.885
       232 53.108753   8.83294        0 13.68             2         8.086
       233  53.10876   8.83306        0 13.65             2         8.096
       234 53.108762  8.833177        0 13.71             2         7.860
       235  53.10876  8.833295        0 13.66             2         7.927
       236 53.108775  8.833407        0 13.74             2         7.705
       237 53.108798   8.83351        0 13.75             2         7.376
       238 53.108825  8.833618        0 13.83             2         7.851
       239 53.108852  8.833725        0 13.88             2         7.789
       240 53.108875  8.833827        0 13.52             2         7.313
       241 53.108902  8.833923        0 13.43             2         7.114
       242  53.10893   8.83403        0 13.34             2         7.833
       243 53.108958  8.834123        0 13.23             2         6.981
       244  53.10898  8.834223        0 13.08             2         7.149
       245 53.109015  8.834325        0 13.34             2         7.880
       246  53.10906  8.834412        0 13.19             2         7.696
       247 53.109112  8.834488        0 13.41             2         7.718
       248 53.109165  8.834555        0 13.77             2         7.420
       249 53.109213  8.834615        0 13.16             2         6.693
       250 53.109262  8.834675        0 12.89             2         6.782
       251 53.109322  8.834735        0 12.73             2         7.801
       252 53.109385  8.834768        0 12.55             2         7.356
       253 53.109452  8.834795        0 13.27             2         7.676
       254 53.109512  8.834823        0 13.56             2         6.940
       255 53.109573  8.834843        0 13.37             2         6.923
       256 53.109642  8.834853        0 13.51             2         7.711
       257 53.109705   8.83486        0 13.13             2         7.030
       258 53.109767  8.834863       -1 13.12             2         6.906
       259 53.109832  8.834863       -1 13.32             2         7.217
       260  53.10989  8.834853       -1 12.97             2         6.493
       261 53.109953  8.834853       -1 12.88             2         6.995
       262 53.110017   8.83485       -2 12.88             2         7.128
       263 53.110083  8.834843       -2 12.97             2         7.363
       264 53.110145  8.834838       -1 12.98             2         6.911
       265 53.110207  8.834835       -1 12.98             2         6.906
       266 53.110273  8.834838       -1 13.12             2         7.351
       267 53.110335  8.834858       -1 12.86             2         7.032
       268 53.110392  8.834897        0 12.85             2         6.865
       269 53.110447   8.83494        0 12.84             2         6.770
       270 53.110502  8.834978        0 12.05             2         6.634
       271  53.11056  8.835007        0 11.46             2         6.745
       272 53.110618  8.835042       -1 10.76             2         6.872
       273 53.110675  8.835092        0  9.98             2         7.180
       274 53.110702  8.835163        0   9.5             2         5.638
       275 53.110678  8.835132        0  8.39             2         3.390
       276 53.110622  8.835057        0  9.09             2         8.014
       277  53.11056  8.835013        0   9.5             2         7.508
       278 53.110493  8.834982        0 10.01             2         7.744
       279 53.110418  8.834935        0 11.92             2         8.925
       280 53.110345  8.834892        0 12.26             2         8.624
       281 53.110278  8.834867        0 12.93             2         7.646
       282 53.110212   8.83486        0 13.64             2         7.363
       283 53.110143  8.834857        0 13.58             2         7.684
       284 53.110073  8.834855        0 13.41             2         7.794
       285 53.110005  8.834863        0 13.15             2         7.589
       286  53.10993  8.834867        0 13.53             2         8.354
       287  53.10986  8.834868        0 13.74             2         7.793
       288   53.1098  8.834873        0 13.33             2         6.689
       289 53.109735  8.834877       -1 13.47           2.1         7.242
       290 53.109635   8.83487       -2 13.06           2.9         11.14
       291 53.109573  8.834852       -2 13.05             2         7.008
       292 53.109517  8.834845       -3  12.6             2         6.253
       293  53.10946  8.834842       -3 11.45             2         6.350
       294 53.109425  8.834833       -3  9.25             2         3.946
       295 53.109402  8.834817       -4  7.23             2         2.780
       296 53.109377  8.834802       -4  6.17             2         2.963
       297  53.10935  8.834787       -4  5.56             2         3.173
       298 53.109332  8.834768       -3  5.29             2         2.379
       299 53.109312  8.834752       -2  5.01             2         2.476
       300 53.109295   8.83474       -2  4.27             2         2.061
       301  53.10928  8.834728       -2   3.7             2         1.858
       302 53.109267  8.834722       -2  3.37             2         1.506
       303 53.109248    8.8347       -1  3.12             3         2.583
       304 53.109252  8.834655       -1  0.12            16         3.058
       305 53.109252  8.834638       -1  0.25             2         1.141
       306 53.109238  8.834643       -2  0.56             9         1.598
       307 53.109223  8.834638       -1  0.76             4         1.707
       308 53.109215  8.834657        0  0.49             7         1.560
       309 53.109227  8.834657       -1  0.59            11         1.336
       310 53.109197  8.834628       -6  1.36            11         3.869
       311  53.10914  8.834567       -6  4.81             2         7.553
       312 53.109077  8.834492       -6  8.82             2         8.634
       313 53.109027  8.834408       -6 12.37             2         7.925
       314 53.108978  8.834328       -6 13.52             2         7.656
       315 53.108935   8.83423       -4 13.55             2         8.138
       316  53.10891  8.834115       -4 13.52             2         8.209
       317 53.108877  8.833943       -3 13.29             3         12.12
       318 53.108855  8.833837       -1 13.54             2         7.528
       319 53.108833  8.833723        0 13.49             2         8.038
       320 53.108805  8.833615        0 13.63             2         7.894
       321 53.108772  8.833512        0  13.8             2         7.832
       322 53.108743  8.833407        0 13.88             2         7.755
       323 53.108722  8.833295        0 13.83             2         7.876
       324 53.108712  8.833175        0 14.07             2         8.135
       325 53.108672  8.833092        0 13.51             2         7.135
       326 53.108613  8.833053        0 13.11             2         7.072
       327 53.108555   8.83303        0 12.62             2         6.640
       328 53.108498  8.833003        0 11.79           2.1         6.600
       329 53.108433  8.832963        0 11.98             2         7.719
       330 53.108343  8.832892        0 11.85           2.9         11.09
       331 53.108283   8.83285        0 11.78             2         7.251
       332  53.10821  8.832807        0 12.21             2         8.624
       333 53.108137   8.83275        0 12.82             2         8.983
       334 53.108073    8.8327       -1 13.43             2         7.876
       335 53.108013  8.832652        0 13.73             2         7.417
       336 53.107968  8.832577       -1 13.46             2         7.104
       337 53.107968  8.832448       -1 13.36             2         8.626
       338 53.107993  8.832328       -1 13.11             2         8.525
       339 53.108012  8.832222       -1 12.99             2         7.426
       340 53.108037  8.832118       -1 13.07             2         7.519
       341 53.108065  8.832022        0  12.6             2         7.161
       342  53.10809  8.831927        0 12.39             2         6.961
       343 53.108122  8.831823        0 12.64             2         7.840
       344 53.108155  8.831727        0 12.37             2         7.421
       345 53.108178  8.831645        0 11.79             2         6.074
       346 53.108202  8.831558        1  11.3             2         6.425
       347 53.108233   8.83147        1 10.69             2         6.844
       348 53.108252  8.831395        2  9.44             2         5.464
       349 53.108268  8.831308        4  8.95             2         6.109
       350 53.108287   8.83119        4  9.46             2         8.202
       351 53.108288  8.831038        5 10.01             2         10.21
       352   53.1083  8.830925        5  10.9             2         7.705
       353 53.108312  8.830815        5 11.66             2         7.507
       354 53.108313  8.830708        4 11.47             2         7.187
       355  53.10831  8.830607        4 10.71             2         6.792
       356 53.108307  8.830497        5 10.75             2         7.395
       357 53.108295  8.830392        5 10.96             2         7.177
       358 53.108288  8.830295        6 10.84             2         6.561
       359 53.108285  8.830177        5    11             2         7.931
       360  53.10827  8.830085        4 10.68             2         6.401
       361 53.108255   8.82999        4  9.97             2         6.596
       362 53.108248  8.829845        3 10.89             2         9.768
       363  53.10825   8.82972        3 11.06             2         8.397
       364 53.108258  8.829623        3 11.02             2         6.576
       365  53.10825  8.829512        3 11.83             2         7.508
       366 53.108243  8.829392        3  11.4             2         8.096
       367  53.10824  8.829285        3 11.18             2         7.194
       368 53.108238  8.829192        3 11.22             2         6.250
       369 53.108237  8.829077        3 10.76             2         7.724
       370  53.10823  8.828968        3 10.21           2.1         7.362
       371 53.108218  8.828817        3  9.72           2.9         10.23
       372 53.108218  8.828687        4 10.63             2         8.693
       373  53.10822   8.82856        4 11.33             2         8.531
       374 53.108217  8.828435        4 12.24             2         8.401
       375 53.108215  8.828307        4 13.02             2         8.598
       376 53.108205  8.828193        4 12.41             2         7.736
       377 53.108205  8.828083        5 12.17             2         7.356
       378 53.108207   8.82798        5 11.27             2         6.921
       379 53.108202   8.82786        5 10.95             2         8.078
       380 53.108205  8.827743        5 10.71             2         7.864
       381   53.1082  8.827625        5 10.88             2         7.944
       382 53.108198   8.82748        4 11.22             2         9.739
       383 53.108207  8.827348        4 11.46           2.1         8.920
       384 53.108212   8.82714        7 10.17           2.3         13.98
       385 53.108173  8.826933        4 11.15           2.6         14.56
       386 53.108168  8.826778        1 12.06             2         10.42
       387  53.10817  8.826665        2 13.82             2         7.592
       388 53.108172   8.82658        4 12.85             2         5.714
       389 53.108195   8.82649        6 11.61             2         6.565
       390 53.108193  8.826387        7 10.32             2         6.921
       391 53.108197    8.8263        8  9.63             2         5.861
       392   53.1082  8.826227        9  9.15             2         4.916
       393 53.108193   8.82613        8  8.81             2         6.561
       394 53.108192  8.825998        8  8.88             2         8.865
       395 53.108167  8.825902        8     9             2         7.023
       396 53.108147  8.825812        8  9.05             2         6.442
       397 53.108128  8.825715        8  9.46             2         6.850
       398 53.108072  8.825565        7  9.95             2         11.84
       399 53.108027   8.82544        7 11.43             2         9.775
       400 53.107987  8.825335        6 12.17             2         8.339
       401 53.107943  8.825247        5 12.59             2         7.676
       402 53.107872  8.825185        5 12.54             2         8.933
       403   53.1078  8.825105        5 12.49             2         9.648
       404 53.107742  8.825045        4 12.53             2         7.611
       405 53.107703  8.824975        4 12.49             2         6.400
       406 53.107648  8.824933        5 11.93             2         6.742
       407 53.107582  8.824887        6 10.92             2         7.971
       408 53.107517   8.82485        6  11.1             2         7.651
       409 53.107448  8.824803        7 11.51           2.1         8.304
       410 53.107352  8.824703        7 11.91           2.9         12.62
       411 53.107283  8.824645        8 12.44             2         8.612
       412 53.107233  8.824575        8 11.98             2         7.286
       413 53.107177  8.824533        8 11.78             2         6.843
       414 53.107122  8.824492        8 11.51             2         6.714
       415  53.10705  8.824458        7 11.59             2         8.334
       416 53.106968  8.824418        7 11.71             2         9.515
       417 53.106897   8.82436        7 12.32           2.1         8.811
       418 53.106847  8.824273        8 13.32             2         8.070
       419 53.106812  8.824105        8 13.99           2.9         11.93
       420 53.106782  8.824003        8 14.02             2         7.621
       421 53.106732  8.823967        7 13.22             2         6.070
       422 53.106657  8.823932        7 13.01           2.1         8.674
       423  53.10657  8.823883        6 12.39           2.9         10.23
       424 53.106512  8.823827        6 12.67             2         7.473
       425 53.106453   8.82378        5 12.17             2         7.288
       426 53.106397   8.82373        5 12.08             2         7.082
       427 53.106347  8.823677        5  11.8             2         6.608
       428 53.106287  8.823612        5 11.91             2         7.979
       429 53.106182  8.823578        5 12.17             3         11.91
       430 53.106102  8.823593        4  12.4             2         8.962
       431 53.106022  8.823612        4 13.06             2         8.996
       432 53.105968   8.82363        4 12.48             2         6.133
       433 53.105905  8.823662        4 12.31             2         7.336
       434 53.105833  8.823735        4 12.62           2.1         9.395
       435 53.105723  8.823813        4 12.29           2.9         13.32
       436 53.105668  8.823837        4 12.26             2         6.333
       437  53.10561  8.823867        4 12.47             2         6.765
       438 53.105548  8.823893        3 11.88             2         7.120
       439 53.105477  8.823938        3 12.14           2.1         8.462
       440 53.105398  8.823998        2 12.91             2         9.673
       441  53.10528   8.82409        2 13.28             3         14.51
       442 53.105223   8.82412        1  9.54           3.9         6.659
       443 53.105212  8.824118        1   6.4             2         1.236
       444   53.1052  8.824137        1  3.01             3         1.851
       445  53.10521  8.824128       -1  0.51            19         1.271
       446 53.105198  8.824127        0  0.47           7.1         1.342
       447 53.105215   8.82413        0   1.4          10.9         1.907
       448 53.105227  8.824123        1  2.12             2         1.420
       449 53.105217  8.824142        3  1.36             5         1.697
       450  53.10522  8.824168        4  0.27            10         1.782
       451 53.105235  8.824165        4   0.4             8         1.686
       452 53.105247  8.824182        5     0          12.1         1.761
       453  53.10523  8.824182        5  0.44          13.9         1.891
       454 53.105182  8.824185        4  2.12             2         5.349
       455 53.105115  8.824223        4  5.06             2         7.883
       456 53.105042  8.824262        3  8.64             2         8.538
       457 53.104965  8.824293        3 10.98             2         8.821
       458  53.10488  8.824357        3 12.65             2         10.39
       459 53.104787  8.824427        3 13.71             2         11.37
       460 53.104707  8.824465        2 14.04             2         9.264
       461 53.104633  8.824518        2 14.08             2         8.974
       462 53.104565  8.824572        2 13.64             2         8.394
       463   53.1045  8.824615        3 12.89             2         7.791
       464 53.104423  8.824672        2 12.73             2         9.387
       465 53.104322  8.824735        2 12.56             3         12.01
       466  53.10426  8.824783        1 12.54             2         7.618
       467 53.104193  8.824822        0 12.92             2         7.905
       468 53.104132  8.824867        0 12.71             2         7.433
       469 53.104063    8.8249        0 13.03             2         7.995
       470 53.103987  8.824943        0 13.37             2         8.939
       471  53.10388  8.825012        1 13.48             3         12.78
       472 53.103807  8.825055        1  13.8             2         8.624
       473 53.103747  8.825093        1 13.58             2         7.151
       474 53.103692  8.825133        1 13.09             2         6.687
       475  53.10363   8.82518        1 12.81             2         7.590
       476 53.103563  8.825227        0  12.5             2         8.099
       477 53.103503  8.825285        0 12.21             2         7.733
       478 53.103428  8.825358        0 13.15             2         9.681
       479 53.103365  8.825432        0 13.09             2         8.596
       480 53.103305  8.825497        1 13.34             2         7.980
       481 53.103238  8.825558        1  13.4             2         8.510
       482  53.10319  8.825632        1 12.32             2         7.298
       483  53.10313  8.825702        2 12.13             2         8.168
       484 53.103077  8.825742        2 10.93             2         6.484
       485 53.103015  8.825782        2 10.91             2         7.407
       486 53.102945  8.825833        2 11.18           2.1         8.512
       487  53.10286  8.825897        2 11.47           2.9         10.39
       488 53.102798  8.825927        3 11.49             2         7.191
       489 53.102707   8.82596        3 11.06             2         10.37
       490 53.102637  8.825982        3 10.84             2         7.932
       491 53.102567  8.826022        2 10.55             2         8.243
       492 53.102495   8.82606        2 10.82             2         8.412
       493 53.102433  8.826085        2 10.39             2         7.104
       494 53.102358  8.826103        2 10.72             2         8.436
       495 53.102288  8.826157        1 11.42             2         8.595
       496 53.102223  8.826192        1 11.39             2         7.609
       497 53.102157   8.82623        1 11.83             2         7.778
       498 53.102083  8.826275        2 12.19             2         8.775
       499 53.102007  8.826315        3 12.62             2         8.876
       500 53.101938  8.826313        3 13.32             2         7.683
       501 53.101895   8.82624        2  13.3             2         6.853
       502 53.101887   8.82614        1  12.4             2         6.776
       503 53.101853   8.82606        0 11.06           2.1         6.573
       504   53.1018   8.82607        0 10.61             2         5.940
       505 53.101753  8.826118       -1  9.98             2         6.147
       506 53.101683  8.826173        0  9.69             2         8.624
       507 53.101583  8.826238       -2 10.32           2.9         11.96
       508 53.101512   8.82628       -2 11.31             2         8.392
       509  53.10144  8.826348       -2 12.53             2         9.225
       510  53.10138  8.826378       -1 12.92             2         6.977
       511 53.101313  8.826417        0 13.48             2         7.905
       512 53.101242  8.826458        0  13.6             2         8.370
       513 53.101163  8.826497        0 13.78             2         9.176
       514 53.101093  8.826532        0  14.1             2         8.140
       515 53.101025  8.826562        0 13.99             2         7.834
       516 53.100957  8.826597        0 13.71             2         7.927
       517 53.100887  8.826618        0 13.39             2         7.919
       518 53.100815  8.826627        0 13.44             2         8.038
       519  53.10074  8.826642        0 13.52             2         8.410
       520 53.100668  8.826632        1 13.63             2         8.043
       521 53.100602  8.826627        2 13.39             2         7.356
       522  53.10053  8.826625        3 12.89             2         8.017
       523 53.100458  8.826615        3 12.72             2         8.043
       524 53.100382  8.826613        4 13.07             2         8.462
       525  53.10031  8.826603        4 13.01             2         8.043
       526 53.100245  8.826578        5 12.97             2         7.429
       527  53.10018  8.826558        6 12.63             2         7.360
       528 53.100118  8.826515        7 11.96             2         7.482
       529 53.100053  8.826485        8 11.66             2         7.512
       530 53.099987  8.826448        8 11.68             2         7.757
       531 53.099912  8.826407        9 12.42             2         8.791
       532 53.099845  8.826373        9 12.96             2         7.801
       533 53.099763  8.826348        9  13.7             2         9.281
       534 53.099705  8.826288        9 13.97             2         7.612
       535 53.099673  8.826193        9 13.51             2         7.309
       536 53.099692  8.826085        9 13.01             2         7.557
       537 53.099745  8.825963        8 12.64             2         10.10
       538 53.099777  8.825827        6 12.83             2         9.804
       539 53.099807  8.825698        4 13.16             2         9.285
       540 53.099842   8.82559        3 13.57             2         8.234
       541 53.099873  8.825483        2 13.75             2         7.973
       542 53.099908  8.825378        1 13.66             2         8.057
       543 53.099938  8.825283        1 13.43             2         7.203
       544 53.099963  8.825192        1 13.07             2         6.717
       545 53.099988  8.825093        1 13.15             2         7.209
       546 53.100015  8.824983        1  13.2             2         7.976
       547 53.100038   8.82487        0 13.45             2         8.010
       548 53.100075  8.824763        0 13.98             2         8.283
       549 53.100112  8.824673        0 13.72             2         7.315
       550 53.100142  8.824565        0 13.72             2         7.986
       551 53.100165  8.824473        0 13.62             2         6.690
       552 53.100188  8.824368        0  13.4             2         7.503
       553  53.10022  8.824267        0  13.5             2         7.663
       554 53.100267  8.824123        0 13.09             3         10.99
       555  53.10029     8.824        0  13.1             2         8.649
       556 53.100322    8.8239        0 13.05             2         7.603
       557 53.100353  8.823802        0 12.75             2         7.433
       558  53.10038  8.823713        0 12.58             2         6.692
       559 53.100403  8.823612        0  12.4             2         7.251
       560  53.10044  8.823487        0 12.65             2         9.351
       561 53.100465  8.823375        0 13.12             2         8.021
       562 53.100498   8.82326        0 13.92             2         8.553
       563 53.100528  8.823137        0 14.36             2         8.910
       564 53.100563   8.82302        0 14.41             2         8.771
       565   53.1006  8.822903        0 14.76             2         8.872
       566 53.100625  8.822793        0 14.49             2         7.895
       567 53.100658  8.822692        0 14.34             2         7.715
       568 53.100688  8.822582        0 14.19             2         8.108
       569 53.100717   8.82247        0 14.01             2         8.186
       570 53.100742   8.82236        0    14             2         7.895
       571 53.100762   8.82225        0 13.92             2         7.717
       572 53.100792  8.822138        0 14.06             2         8.231
       573 53.100827  8.822028        0  14.1             2         8.353
       574 53.100853   8.82191        0 14.22             2         8.437
       575 53.100878  8.821788        0 14.34             2         8.654
       576 53.100908  8.821692        0 13.88             2         7.262
       577 53.100958  8.821538        0 13.41             3         11.74
       578 53.101007   8.82137        0 13.34             3         12.53
       579 53.101042  8.821265        0 13.28             2         8.057
       580 53.101072  8.821162        0 13.53           2.1         7.682
       581 53.101112  8.820993        0 13.89           2.9         12.19
       582 53.101137  8.820888        0 13.75             2         7.582
       583 53.101175  8.820792        0 13.51             2         7.712
       584 53.101213    8.8207        0 13.34             2         7.489
       585 53.101253  8.820598        0 13.26             2         8.171
       586 53.101285  8.820488        0 13.54             2         8.202
       587 53.101313  8.820393        0 13.59           2.1         7.102
       588 53.101367   8.82024        0 14.03           2.9         11.90
       589 53.101398  8.820143        0 13.51             2         7.373
       590 53.101435  8.820037        0 13.55             2         8.225
       591 53.101463  8.819917        0 13.66             2         8.641
       592 53.101497   8.81981        0 13.37             2         8.122
       593 53.101537   8.81972        0 13.82           2.1         7.508
       594 53.101572  8.819617        0    14             2         7.940
       595 53.101608   8.81943        0 14.26           2.9         13.18
       596 53.101638  8.819317        0  14.4             2         8.292
       597 53.101672  8.819218        0 14.15             2         7.651
       598 53.101708   8.81913        0 13.88             2         7.142
       599 53.101738  8.819028        0 13.67             2         7.622
       600 53.101775  8.818923        0 13.44             2         8.167
       601 53.101808  8.818808        0 13.69           2.1         8.553
       602 53.101865  8.818647        0 14.05           2.9         12.54
       603 53.101892  8.818542        0 13.97           2.1         7.666
       604 53.101918  8.818468        0 11.17           2.9         5.753
       605 53.101918  8.818468        0 11.17           0.5         0.000
